# blaster_shotgun.txt - Heavy plasma shotgun
# Main body block
v -0.07 -0.04 -0.30
v  0.07 -0.04 -0.30
v  0.07  0.06 -0.30
v -0.07  0.06 -0.30
v -0.07 -0.04  0.10
v  0.07 -0.04  0.10
v  0.07  0.06  0.10
v -0.07  0.06  0.10

# Double barrel top
v -0.040  0.02  0.10
v  0.040  0.02  0.10
v  0.040  0.06  0.10
v -0.040  0.06  0.10
v -0.040  0.02  0.48
v  0.040  0.02  0.48
v  0.040  0.06  0.48
v -0.040  0.06  0.48

# Double barrel bottom
v -0.040 -0.02  0.10
v  0.040 -0.02  0.10
v  0.040  0.02  0.10
v -0.040  0.02  0.10
v -0.040 -0.02  0.48
v  0.040 -0.02  0.48
v  0.040  0.02  0.48
v -0.040  0.02  0.48

# Barrel clamp 1
v -0.050  0.00  0.15
v  0.050  0.00  0.15
v  0.050  0.07  0.15
v -0.050  0.07  0.15
v -0.050  0.00  0.18
v  0.050  0.00  0.18
v  0.050  0.07  0.18
v -0.050  0.07  0.18

# Barrel clamp 2
v -0.050  0.00  0.32
v  0.050  0.00  0.32
v  0.050  0.07  0.32
v -0.050  0.07  0.32
v -0.050  0.00  0.35
v  0.050  0.00  0.35
v  0.050  0.07  0.35
v -0.050  0.07  0.35

# Muzzle brake
v -0.045 -0.03  0.48
v  0.045 -0.03  0.48
v  0.045  0.07  0.48
v -0.045  0.07  0.48
v -0.045 -0.03  0.55
v  0.045 -0.03  0.55
v  0.045  0.07  0.55
v -0.045  0.07  0.55

# Muzzle vents top
v -0.035  0.04  0.55
v  0.035  0.04  0.55
v  0.035  0.07  0.55
v -0.035  0.07  0.55
v -0.035  0.04  0.60
v  0.035  0.04  0.60
v  0.035  0.07  0.60
v -0.035  0.07  0.60

# Muzzle vents bottom
v -0.035 -0.03  0.55
v  0.035 -0.03  0.55
v  0.035  0.00  0.55
v -0.035  0.00  0.55
v -0.035 -0.03  0.60
v  0.035 -0.03  0.60
v  0.035  0.00  0.60
v -0.035  0.00  0.60

# Grip
v -0.04 -0.04 -0.22
v  0.04 -0.04 -0.22
v  0.04  0.04 -0.22
v -0.04  0.04 -0.22
v -0.04 -0.04 -0.14
v  0.04 -0.04 -0.14
v  0.04  0.04 -0.14
v -0.04  0.04 -0.14

# Grip angle
v -0.04 -0.18 -0.26
v  0.04 -0.18 -0.26
v  0.04 -0.04 -0.26
v -0.04 -0.04 -0.26
v -0.04 -0.18 -0.18
v  0.04 -0.18 -0.18
v  0.04 -0.04 -0.18
v -0.04 -0.04 -0.18

# Stock
v -0.06 -0.03 -0.55
v  0.06 -0.03 -0.55
v  0.06  0.05 -0.55
v -0.06  0.05 -0.55
v -0.06 -0.03 -0.30
v  0.06 -0.03 -0.30
v  0.06  0.05 -0.30
v -0.06  0.05 -0.30

# Stock butt
v -0.06 -0.04 -0.60
v  0.06 -0.04 -0.60
v  0.06  0.06 -0.60
v -0.06  0.06 -0.60
v -0.06 -0.04 -0.55
v  0.06 -0.04 -0.55
v  0.06  0.06 -0.55
v -0.06  0.06 -0.55

# Top rail
v -0.045  0.06 -0.25
v  0.045  0.06 -0.25
v  0.045  0.08 -0.25
v -0.045  0.08 -0.25
v -0.045  0.06  0.08
v  0.045  0.06  0.08
v  0.045  0.08  0.08
v -0.045  0.08  0.08

# Side panel left
v -0.07 -0.02 -0.20
v -0.09 -0.02 -0.20
v -0.09  0.04 -0.20
v -0.07  0.04 -0.20
v -0.07 -0.02 -0.05
v -0.09 -0.02 -0.05
v -0.09  0.04 -0.05
v -0.07  0.04 -0.05

# Side panel right
v  0.07 -0.02 -0.20
v  0.09 -0.02 -0.20
v  0.09  0.04 -0.20
v  0.07  0.04 -0.20
v  0.07 -0.02 -0.05
v  0.09 -0.02 -0.05
v  0.09  0.04 -0.05
v  0.07  0.04 -0.05

# Pump grip
v -0.050 -0.05  0.05
v  0.050 -0.05  0.05
v  0.050 -0.01  0.05
v -0.050 -0.01  0.05
v -0.050 -0.05  0.12
v  0.050 -0.05  0.12
v  0.050 -0.01  0.12
v -0.050 -0.01  0.12

# Energy cell
v  0.07  0.00 -0.12
v  0.10  0.00 -0.12
v  0.10  0.03 -0.12
v  0.07  0.03 -0.12
v  0.07  0.00 -0.02
v  0.10  0.00 -0.02
v  0.10  0.03 -0.02
v  0.07  0.03 -0.02

# Body faces
f 1  2  3  4  color 0.18 0.18 0.22
f 8  7  6  5  color 0.15 0.15 0.19
f 4  3  7  8  color 0.20 0.20 0.25
f 5  6  2  1  color 0.16 0.16 0.20
f 1  5  8  4  color 0.19 0.19 0.23
f 2  6  7  3  color 0.17 0.17 0.21

# Top barrel
f 9  10 11 12 color 0.28 0.28 0.35
f 16 15 14 13 color 0.25 0.25 0.32
f 12 11 15 16 color 0.30 0.30 0.37
f 13 14 10 9  color 0.26 0.26 0.33
f 9  13 16 12 color 0.29 0.29 0.36
f 10 14 15 11 color 0.27 0.27 0.34

# Bottom barrel
f 17 18 19 20 color 0.24 0.24 0.30
f 24 23 22 21 color 0.22 0.22 0.28
f 20 19 23 24 color 0.26 0.26 0.32
f 21 22 18 17 color 0.23 0.23 0.29
f 17 21 24 20 color 0.25 0.25 0.31
f 18 22 23 19 color 0.24 0.24 0.30

# Clamp 1
f 25 26 27 28 color 0.20 0.20 0.26
f 32 31 30 29 color 0.18 0.18 0.24
f 28 27 31 32 color 0.22 0.22 0.28
f 29 30 26 25 color 0.19 0.19 0.25
f 25 29 32 28 color 0.21 0.21 0.27
f 26 30 31 27 color 0.20 0.20 0.26

# Clamp 2
f 33 34 35 36 color 0.20 0.20 0.26
f 40 39 38 37 color 0.18 0.18 0.24
f 36 35 39 40 color 0.22 0.22 0.28
f 37 38 34 33 color 0.19 0.19 0.25
f 33 37 40 36 color 0.21 0.21 0.27
f 34 38 39 35 color 0.20 0.20 0.26

# Muzzle brake
f 41 42 43 44 color 0.15 0.15 0.20
f 48 47 46 45 color 0.13 0.13 0.18
f 44 43 47 48 color 0.17 0.17 0.22
f 45 46 42 41 color 0.14 0.14 0.19
f 41 45 48 44 color 0.16 0.16 0.21
f 42 46 47 43 color 0.15 0.15 0.20

# Muzzle vents top
f 49 50 51 52 color 0.30 0.30 0.38
f 56 55 54 53 color 0.28 0.28 0.36
f 52 51 55 56 color 0.32 0.32 0.40
f 53 54 50 49 color 0.29 0.29 0.37
f 49 53 56 52 color 0.31 0.31 0.39
f 50 54 55 51 color 0.30 0.30 0.38

# Muzzle vents bottom
f 57 58 59 60 color 0.30 0.30 0.38
f 64 63 62 61 color 0.28 0.28 0.36
f 60 59 63 64 color 0.32 0.32 0.40
f 61 62 58 57 color 0.29 0.29 0.37
f 57 61 64 60 color 0.31 0.31 0.39
f 58 62 63 59 color 0.30 0.30 0.38

# Grip
f 65 66 67 68 color 0.10 0.10 0.14
f 72 71 70 69 color 0.08 0.08 0.12
f 68 67 71 72 color 0.12 0.12 0.16
f 69 70 66 65 color 0.09 0.09 0.13
f 65 69 72 68 color 0.11 0.11 0.15
f 66 70 71 67 color 0.10 0.10 0.14

# Grip angle
f 73 74 75 76 color 0.10 0.10 0.14
f 80 79 78 77 color 0.08 0.08 0.12
f 76 75 79 80 color 0.12 0.12 0.16
f 77 78 74 73 color 0.09 0.09 0.13
f 73 77 80 76 color 0.11 0.11 0.15
f 74 78 79 75 color 0.10 0.10 0.14

# Stock
f 81 82 83 84 color 0.12 0.12 0.16
f 88 87 86 85 color 0.10 0.10 0.14
f 84 83 87 88 color 0.14 0.14 0.18
f 85 86 82 81 color 0.11 0.11 0.15
f 81 85 88 84 color 0.13 0.13 0.17
f 82 86 87 83 color 0.12 0.12 0.16

# Stock butt
f 89 90 91 92 color 0.08 0.08 0.12
f 96 95 94 93 color 0.06 0.06 0.10
f 92 91 95 96 color 0.10 0.10 0.14
f 93 94 90 89 color 0.07 0.07 0.11
f 89 93 96 92 color 0.09 0.09 0.13
f 90 94 95 91 color 0.08 0.08 0.12

# Top rail
f 97  98  99  100 color 0.22 0.22 0.28
f 104 103 102 101 color 0.20 0.20 0.26
f 100 99  103 104 color 0.24 0.24 0.30
f 101 102 98  97  color 0.21 0.21 0.27
f 97  101 104 100 color 0.23 0.23 0.29
f 98  102 103 99  color 0.22 0.22 0.28

# Side panel left
f 105 106 107 108 color 0.15 0.15 0.20
f 112 111 110 109 color 0.13 0.13 0.18
f 108 107 111 112 color 0.17 0.17 0.22
f 109 110 106 105 color 0.14 0.14 0.19
f 105 109 112 108 color 0.16 0.16 0.21
f 106 110 111 107 color 0.15 0.15 0.20

# Side panel right
f 113 114 115 116 color 0.15 0.15 0.20
f 120 119 118 117 color 0.13 0.13 0.18
f 116 115 119 120 color 0.17 0.17 0.22
f 117 118 114 113 color 0.14 0.14 0.19
f 113 117 120 116 color 0.16 0.16 0.21
f 114 118 119 115 color 0.15 0.15 0.20

# Pump grip
f 121 122 123 124 color 0.22 0.22 0.28
f 128 127 126 125 color 0.20 0.20 0.26
f 124 123 127 128 color 0.24 0.24 0.30
f 125 126 122 121 color 0.21 0.21 0.27
f 121 125 128 124 color 0.23 0.23 0.29
f 122 126 127 123 color 0.22 0.22 0.28

# Energy cell
f 129 130 131 132 color 0.80 0.15 0.15
f 136 135 134 133 color 0.70 0.12 0.12
f 132 131 135 136 color 0.85 0.18 0.18
f 133 134 130 129 color 0.75 0.13 0.13
f 129 133 136 132 color 0.82 0.16 0.16
f 130 134 135 131 color 0.78 0.14 0.14
