# blaster_pistol.txt - Compact modern blaster pistol
# Body (main housing)
v -0.08 -0.04 -0.20
v  0.08 -0.04 -0.20
v  0.08  0.04 -0.20
v -0.08  0.04 -0.20
v -0.08 -0.04  0.10
v  0.08 -0.04  0.10
v  0.08  0.04  0.10
v -0.08  0.04  0.10

# Barrel
v -0.03  0.00  0.10
v  0.03  0.00  0.10
v  0.03  0.03  0.10
v -0.03  0.03  0.10
v -0.03  0.00  0.28
v  0.03  0.00  0.28
v  0.03  0.03  0.28
v -0.03  0.03  0.28

# Grip
v -0.04 -0.04 -0.14
v  0.04 -0.04 -0.14
v  0.04  0.04 -0.14
v -0.04  0.04 -0.14
v -0.04 -0.04 -0.06
v  0.04 -0.04 -0.06
v  0.04  0.04 -0.06
v -0.04  0.04 -0.06

# Grip extension (angled down)
v -0.04 -0.18 -0.18
v  0.04 -0.18 -0.18
v  0.04 -0.04 -0.18
v -0.04 -0.04 -0.18
v -0.04 -0.18 -0.10
v  0.04 -0.18 -0.10
v  0.04 -0.04 -0.10
v -0.04 -0.04 -0.10

# Trigger guard
v -0.03 -0.06 -0.12
v  0.03 -0.06 -0.12
v  0.03 -0.03 -0.12
v -0.03 -0.03 -0.12
v -0.03 -0.06 -0.08
v  0.03 -0.06 -0.08
v  0.03 -0.03 -0.08
v -0.03 -0.03 -0.08

# Top rail
v -0.05  0.04 -0.18
v  0.05  0.04 -0.18
v  0.05  0.06 -0.18
v -0.05  0.06 -0.18
v -0.05  0.04  0.08
v  0.05  0.04  0.08
v  0.05  0.06  0.08
v -0.05  0.06  0.08

# Muzzle brake
v -0.04  0.00  0.28
v  0.04  0.00  0.28
v  0.04  0.04  0.28
v -0.04  0.04  0.28
v -0.04  0.00  0.32
v  0.04  0.00  0.32
v  0.04  0.04  0.32
v -0.04  0.04  0.32

# Energy cell (side detail)
v  0.08  0.00 -0.10
v  0.10  0.00 -0.10
v  0.10  0.02 -0.10
v  0.08  0.02 -0.10
v  0.08  0.00 -0.02
v  0.10  0.00 -0.02
v  0.10  0.02 -0.02
v  0.08  0.02 -0.02

f 1  2  3  4  color 0.15 0.15 0.18
f 8  7  6  5  color 0.12 0.12 0.15
f 4  3  7  8  color 0.18 0.18 0.22
f 5  6  2  1  color 0.13 0.13 0.16
f 1  5  8  4  color 0.16 0.16 0.20
f 2  6  7  3  color 0.14 0.14 0.17

f 9  10 11 12 color 0.25 0.25 0.30
f 16 15 14 13 color 0.22 0.22 0.27
f 12 11 15 16 color 0.28 0.28 0.33
f 13 14 10 9  color 0.20 0.20 0.25
f 9  13 16 12 color 0.24 0.24 0.29
f 10 14 15 11 color 0.23 0.23 0.28

f 17 18 19 20 color 0.10 0.10 0.12
f 24 23 22 21 color 0.08 0.08 0.10
f 20 19 23 24 color 0.12 0.12 0.14
f 21 22 18 17 color 0.09 0.09 0.11
f 17 21 24 20 color 0.11 0.11 0.13
f 18 22 23 19 color 0.10 0.10 0.12

f 25 26 27 28 color 0.10 0.10 0.12
f 32 31 30 29 color 0.08 0.08 0.10
f 28 27 31 32 color 0.12 0.12 0.14
f 29 30 26 25 color 0.09 0.09 0.11
f 25 29 32 28 color 0.11 0.11 0.13
f 26 30 31 27 color 0.10 0.10 0.12

f 33 34 35 36 color 0.08 0.08 0.12
f 40 39 38 37 color 0.06 0.06 0.10
f 36 35 39 40 color 0.10 0.10 0.14
f 37 38 34 33 color 0.07 0.07 0.11
f 33 37 40 36 color 0.09 0.09 0.13
f 34 38 39 35 color 0.08 0.08 0.12

f 41 42 43 44 color 0.20 0.20 0.25
f 48 47 46 45 color 0.18 0.18 0.23
f 44 43 47 48 color 0.22 0.22 0.27
f 45 46 42 41 color 0.19 0.19 0.24
f 41 45 48 44 color 0.21 0.21 0.26
f 42 46 47 43 color 0.20 0.20 0.25

f 49 50 51 52 color 0.22 0.22 0.28
f 56 55 54 53 color 0.20 0.20 0.26
f 52 51 55 56 color 0.24 0.24 0.30
f 53 54 50 49 color 0.21 0.21 0.27
f 49 53 56 52 color 0.23 0.23 0.29
f 50 54 55 51 color 0.22 0.22 0.28

f 57 58 59 60 color 0.8 0.15 0.15
f 64 63 62 61 color 0.7 0.12 0.12
f 60 59 63 64 color 0.85 0.18 0.18
f 61 62 58 57 color 0.75 0.13 0.13
f 57 61 64 60 color 0.82 0.16 0.16
f 58 62 63 59 color 0.78 0.14 0.14
