# blaster_rifle.txt - Modern assault blaster rifle
# Main body
v -0.06 -0.03 -0.25
v  0.06 -0.03 -0.25
v  0.06  0.05 -0.25
v -0.06  0.05 -0.25
v -0.06 -0.03  0.15
v  0.06 -0.03  0.15
v  0.06  0.05  0.15
v -0.06  0.05  0.15

# Upper receiver
v -0.05  0.05 -0.22
v  0.05  0.05 -0.22
v  0.05  0.08 -0.22
v -0.05  0.08 -0.22
v -0.05  0.05  0.10
v  0.05  0.05  0.10
v  0.05  0.08  0.10
v -0.05  0.08  0.10

# Barrel assembly
v -0.025  0.01  0.15
v  0.025  0.01  0.15
v  0.025  0.04  0.15
v -0.025  0.04  0.15
v -0.025  0.01  0.42
v  0.025  0.01  0.42
v  0.025  0.04  0.42
v -0.025  0.04  0.42

# Lower barrel shroud
v -0.035 -0.01  0.15
v  0.035 -0.01  0.15
v  0.035  0.01  0.15
v -0.035  0.01  0.15
v -0.035 -0.01  0.38
v  0.035 -0.01  0.38
v  0.035  0.01  0.38
v -0.035  0.01  0.38

# Muzzle device
v -0.030  0.00  0.42
v  0.030  0.00  0.42
v  0.030  0.05  0.42
v -0.030  0.05  0.42
v -0.030  0.00  0.47
v  0.030  0.00  0.47
v  0.030  0.05  0.47
v -0.030  0.05  0.47

# Grip
v -0.035 -0.03 -0.18
v  0.035 -0.03 -0.18
v  0.035  0.03 -0.18
v -0.035  0.03 -0.18
v -0.035 -0.03 -0.10
v  0.035 -0.03 -0.10
v  0.035  0.03 -0.10
v -0.035  0.03 -0.10

# Grip angle
v -0.035 -0.15 -0.22
v  0.035 -0.15 -0.22
v  0.035 -0.03 -0.22
v -0.035 -0.03 -0.22
v -0.035 -0.15 -0.14
v  0.035 -0.15 -0.14
v  0.035 -0.03 -0.14
v -0.035 -0.03 -0.14

# Stock
v -0.05 -0.02 -0.45
v  0.05 -0.02 -0.45
v  0.05  0.04 -0.45
v -0.05  0.04 -0.45
v -0.05 -0.02 -0.25
v  0.05 -0.02 -0.25
v  0.05  0.04 -0.25
v -0.05  0.04 -0.25

# Stock butt pad
v -0.05 -0.03 -0.50
v  0.05 -0.03 -0.50
v  0.05  0.05 -0.50
v -0.05  0.05 -0.50
v -0.05 -0.03 -0.45
v  0.05 -0.03 -0.45
v  0.05  0.05 -0.45
v -0.05  0.05 -0.45

# Top rail
v -0.04  0.08 -0.20
v  0.04  0.08 -0.20
v  0.04  0.10 -0.20
v -0.04  0.10 -0.20
v -0.04  0.08  0.08
v  0.04  0.08  0.08
v  0.04  0.10  0.08
v -0.04  0.10  0.08

# Scope
v -0.020  0.10 -0.08
v  0.020  0.10 -0.08
v  0.020  0.13 -0.08
v -0.020  0.13 -0.08
v -0.020  0.10  0.02
v  0.020  0.10  0.02
v  0.020  0.13  0.02
v -0.020  0.13  0.02

# Scope lens front
v -0.022  0.10  0.02
v  0.022  0.10  0.02
v  0.022  0.13  0.02
v -0.022  0.13  0.02
v -0.022  0.10  0.04
v  0.022  0.10  0.04
v  0.022  0.13  0.04
v -0.022  0.13  0.04

# Scope lens rear
v -0.022  0.10 -0.10
v  0.022  0.10 -0.10
v  0.022  0.13 -0.10
v -0.022  0.13 -0.10
v -0.022  0.10 -0.08
v  0.022  0.10 -0.08
v  0.022  0.13 -0.08
v -0.022  0.13 -0.08

# Magazine
v -0.030 -0.06 -0.05
v  0.030 -0.06 -0.05
v  0.030 -0.03 -0.05
v -0.030 -0.03 -0.05
v -0.030 -0.14 -0.02
v  0.030 -0.14 -0.02
v  0.030 -0.03 -0.02
v -0.030 -0.03 -0.02

# Energy cell indicator
v  0.06  0.00 -0.05
v  0.08  0.00 -0.05
v  0.08  0.03 -0.05
v  0.06  0.03 -0.05
v  0.06  0.00  0.05
v  0.08  0.00  0.05
v  0.08  0.03  0.05
v  0.06  0.03  0.05

# Foregrip
v -0.040 -0.03  0.10
v  0.040 -0.03  0.10
v  0.040  0.01  0.10
v -0.040  0.01  0.10
v -0.040 -0.03  0.16
v  0.040 -0.03  0.16
v  0.040  0.01  0.16
v -0.040  0.01  0.16

f 1  2  3  4  color 0.12 0.12 0.15
f 8  7  6  5  color 0.10 0.10 0.13
f 4  3  7  8  color 0.14 0.14 0.18
f 5  6  2  1  color 0.11 0.11 0.14
f 1  5  8  4  color 0.13 0.13 0.16
f 2  6  7  3  color 0.12 0.12 0.15

f 9  10 11 12 color 0.18 0.18 0.22
f 16 15 14 13 color 0.16 0.16 0.20
f 12 11 15 16 color 0.20 0.20 0.25
f 13 14 10 9  color 0.17 0.17 0.21
f 9  13 16 12 color 0.19 0.19 0.23
f 10 14 15 11 color 0.18 0.18 0.22

f 17 18 19 20 color 0.25 0.25 0.30
f 24 23 22 21 color 0.23 0.23 0.28
f 20 19 23 24 color 0.28 0.28 0.33
f 21 22 18 17 color 0.24 0.24 0.29
f 17 21 24 20 color 0.26 0.26 0.31
f 18 22 23 19 color 0.25 0.25 0.30

f 25 26 27 28 color 0.20 0.20 0.25
f 32 31 30 29 color 0.18 0.18 0.23
f 28 27 31 32 color 0.22 0.22 0.27
f 29 30 26 25 color 0.19 0.19 0.24
f 25 29 32 28 color 0.21 0.21 0.26
f 26 30 31 27 color 0.20 0.20 0.25

f 33 34 35 36 color 0.15 0.15 0.20
f 40 39 38 37 color 0.13 0.13 0.18
f 36 35 39 40 color 0.17 0.17 0.22
f 37 38 34 33 color 0.14 0.14 0.19
f 33 37 40 36 color 0.16 0.16 0.21
f 34 38 39 35 color 0.15 0.15 0.20

f 41 42 43 44 color 0.10 0.10 0.14
f 48 47 46 45 color 0.08 0.08 0.12
f 44 43 47 48 color 0.12 0.12 0.16
f 45 46 42 41 color 0.09 0.09 0.13
f 41 45 48 44 color 0.11 0.11 0.15
f 42 46 47 43 color 0.10 0.10 0.14

f 49 50 51 52 color 0.18 0.18 0.22
f 56 55 54 53 color 0.16 0.16 0.20
f 52 51 55 56 color 0.20 0.20 0.25
f 53 54 50 49 color 0.17 0.17 0.21
f 49 53 56 52 color 0.19 0.19 0.23
f 50 54 55 51 color 0.18 0.18 0.22

f 57 58 59 60 color 0.22 0.22 0.28
f 64 63 62 61 color 0.20 0.20 0.26
f 60 59 63 64 color 0.24 0.24 0.30
f 61 62 58 57 color 0.21 0.21 0.27
f 57 61 64 60 color 0.23 0.23 0.29
f 58 62 63 59 color 0.22 0.22 0.28

f 65 66 67 68 color 0.15 0.15 0.20
f 72 71 70 69 color 0.13 0.13 0.18
f 68 67 71 72 color 0.17 0.17 0.22
f 69 70 66 65 color 0.14 0.14 0.19
f 65 69 72 68 color 0.16 0.16 0.21
f 66 70 71 67 color 0.15 0.15 0.20

f 73 74 75 76 color 0.25 0.25 0.32
f 80 79 78 77 color 0.23 0.23 0.30
f 76 75 79 80 color 0.28 0.28 0.35
f 77 78 74 73 color 0.24 0.24 0.31
f 73 77 80 76 color 0.26 0.26 0.33
f 74 78 79 75 color 0.25 0.25 0.32

f 81 82 83 84 color 0.30 0.60 0.90
f 88 87 86 85 color 0.25 0.55 0.85
f 84 83 87 88 color 0.35 0.65 0.95
f 85 86 82 81 color 0.28 0.58 0.88
f 81 85 88 84 color 0.32 0.62 0.92
f 82 86 87 83 color 0.30 0.60 0.90

f 89 90 91 92 color 0.30 0.60 0.90
f 96 95 94 93 color 0.25 0.55 0.85
f 92 91 95 96 color 0.35 0.65 0.95
f 93 94 90 89 color 0.28 0.58 0.88
f 89 93 96 92 color 0.32 0.62 0.92
f 90 94 95 91 color 0.30 0.60 0.90

f 97  98  99  100 color 0.80 0.15 0.15
f 104 103 102 101 color 0.70 0.12 0.12
f 100 99  103 104 color 0.85 0.18 0.18
f 101 102 98  97  color 0.75 0.13 0.13
f 97  101 104 100 color 0.82 0.16 0.16
f 98  102 103 99  color 0.78 0.14 0.14

f 105 106 107 108 color 0.10 0.10 0.14
f 112 111 110 109 color 0.08 0.08 0.12
f 108 107 111 112 color 0.12 0.12 0.16
f 109 110 106 105 color 0.09 0.09 0.13
f 105 109 112 108 color 0.11 0.11 0.15
f 106 110 111 107 color 0.10 0.10 0.14
