# deco_crate.txt
v -0.3000 0.0000 0.3000
v 0.3000 0.0000 0.3000
v 0.3000 0.5000 0.3000
v -0.3000 0.5000 0.3000
v -0.3000 0.0000 -0.3000
v 0.3000 0.0000 -0.3000
v 0.3000 0.5000 -0.3000
v -0.3000 0.5000 -0.3000
v -0.3200 0.5000 0.3200
v 0.3200 0.5000 0.3200
v 0.3200 0.5400 0.3200
v -0.3200 0.5400 0.3200
v -0.3200 0.5000 -0.3200
v 0.3200 0.5000 -0.3200
v 0.3200 0.5400 -0.3200
v -0.3200 0.5400 -0.3200
v -0.3000 0.0000 -0.2600
v -0.2600 0.0000 -0.2600
v -0.2600 0.5000 -0.2600
v -0.3000 0.5000 -0.2600
v -0.3000 0.0000 -0.3000
v -0.2600 0.0000 -0.3000
v -0.2600 0.5000 -0.3000
v -0.3000 0.5000 -0.3000
v 0.2600 0.0000 -0.2600
v 0.3000 0.0000 -0.2600
v 0.3000 0.5000 -0.2600
v 0.2600 0.5000 -0.2600
v 0.2600 0.0000 -0.3000
v 0.3000 0.0000 -0.3000
v 0.3000 0.5000 -0.3000
v 0.2600 0.5000 -0.3000
v -0.3000 0.0000 0.3000
v -0.2600 0.0000 0.3000
v -0.2600 0.5000 0.3000
v -0.3000 0.5000 0.3000
v -0.3000 0.0000 0.2600
v -0.2600 0.0000 0.2600
v -0.2600 0.5000 0.2600
v -0.3000 0.5000 0.2600
v 0.2600 0.0000 0.3000
v 0.3000 0.0000 0.3000
v 0.3000 0.5000 0.3000
v 0.2600 0.5000 0.3000
v 0.2600 0.0000 0.2600
v 0.3000 0.0000 0.2600
v 0.3000 0.5000 0.2600
v 0.2600 0.5000 0.2600

f 1 2 3 4 color 0.5383 0.3983 0.2383
f 6 5 8 7 color 0.4845 0.3585 0.2145
f 4 3 7 8 color 0.5652 0.4182 0.2502
f 5 6 2 1 color 0.4576 0.3386 0.2026
f 2 6 7 3 color 0.5114 0.3784 0.2264
f 5 1 4 8 color 0.4952 0.3664 0.2192
f 9 10 11 12 color 0.5079 0.3679 0.2179
f 14 13 16 15 color 0.4571 0.3311 0.1961
f 12 11 15 16 color 0.5333 0.3863 0.2288
f 13 14 10 9 color 0.4317 0.3127 0.1852
f 10 14 15 11 color 0.4825 0.3495 0.2070
f 13 9 12 16 color 0.4673 0.3385 0.2005
f 17 18 19 20 color 0.4220 0.2720 0.1420
f 22 21 24 23 color 0.3798 0.2448 0.1278
f 20 19 23 24 color 0.4431 0.2856 0.1491
f 21 22 18 17 color 0.3587 0.2312 0.1207
f 18 22 23 19 color 0.4009 0.2584 0.1349
f 21 17 20 24 color 0.3882 0.2502 0.1306
f 25 26 27 28 color 0.4098 0.2598 0.1298
f 30 29 32 31 color 0.3688 0.2338 0.1168
f 28 27 31 32 color 0.4303 0.2728 0.1363
f 29 30 26 25 color 0.3483 0.2208 0.1103
f 26 30 31 27 color 0.3893 0.2468 0.1233
f 29 25 28 32 color 0.3770 0.2390 0.1194
f 33 34 35 36 color 0.4175 0.2675 0.1375
f 38 37 40 39 color 0.3758 0.2408 0.1238
f 36 35 39 40 color 0.4384 0.2809 0.1444
f 37 38 34 33 color 0.3549 0.2274 0.1169
f 34 38 39 35 color 0.3967 0.2542 0.1307
f 37 33 36 40 color 0.3841 0.2461 0.1265
f 41 42 43 44 color 0.4023 0.2523 0.1223
f 46 45 48 47 color 0.3621 0.2271 0.1101
f 44 43 47 48 color 0.4224 0.2649 0.1284
f 45 46 42 41 color 0.3419 0.2144 0.1039
f 42 46 47 43 color 0.3822 0.2397 0.1162
f 45 41 44 48 color 0.3701 0.2321 0.1125
