# deco_rock.txt
v -0.2000 0.0000 0.1500
v 0.2000 0.0000 0.1500
v 0.2000 0.1200 0.1500
v -0.2000 0.1200 0.1500
v -0.2000 0.0000 -0.1500
v 0.2000 0.0000 -0.1500
v 0.2000 0.1200 -0.1500
v -0.2000 0.1200 -0.1500
v -0.1500 0.0800 0.1200
v 0.1800 0.0800 0.1200
v 0.1800 0.2000 0.1200
v -0.1500 0.2000 0.1200
v -0.1500 0.0800 -0.1200
v 0.1800 0.0800 -0.1200
v 0.1800 0.2000 -0.1200
v -0.1500 0.2000 -0.1200
v -0.1200 0.1500 0.0800
v 0.1000 0.1500 0.0800
v 0.1000 0.2200 0.0800
v -0.1200 0.2200 0.0800
v -0.1200 0.1500 -0.0800
v 0.1000 0.1500 -0.0800
v 0.1000 0.2200 -0.0800
v -0.1200 0.2200 -0.0800
v -0.0500 0.0200 -0.1400
v -0.0300 0.0200 -0.1400
v -0.0300 0.1800 -0.1400
v -0.0500 0.1800 -0.1400
v -0.0500 0.0200 -0.1600
v -0.0300 0.0200 -0.1600
v -0.0300 0.1800 -0.1600
v -0.0500 0.1800 -0.1600
v 0.2500 0.0000 0.1400
v 0.3000 0.0000 0.1400
v 0.3000 0.0400 0.1400
v 0.2500 0.0400 0.1400
v 0.2500 0.0000 0.1000
v 0.3000 0.0000 0.1000
v 0.3000 0.0400 0.1000
v 0.2500 0.0400 0.1000
v -0.2800 0.0000 0.1000
v -0.2200 0.0000 0.1000
v -0.2200 0.0300 0.1000
v -0.2800 0.0300 0.1000
v -0.2800 0.0000 0.0500
v -0.2200 0.0000 0.0500
v -0.2200 0.0300 0.0500
v -0.2800 0.0300 0.0500

f 1 2 3 4 color 0.4931 0.4731 0.4331
f 6 5 8 7 color 0.4437 0.4257 0.3897
f 4 3 7 8 color 0.5177 0.4967 0.4547
f 5 6 2 1 color 0.4191 0.4021 0.3681
f 2 6 7 3 color 0.4684 0.4494 0.4114
f 5 1 4 8 color 0.4536 0.4352 0.3984
f 9 10 11 12 color 0.5170 0.4970 0.4570
f 14 13 16 15 color 0.4653 0.4473 0.4113
f 12 11 15 16 color 0.5428 0.5218 0.4798
f 13 14 10 9 color 0.4394 0.4224 0.3884
f 10 14 15 11 color 0.4911 0.4721 0.4341
f 13 9 12 16 color 0.4756 0.4572 0.4204
f 17 18 19 20 color 0.5275 0.5075 0.4675
f 22 21 24 23 color 0.4748 0.4568 0.4208
f 20 19 23 24 color 0.5539 0.5329 0.4909
f 21 22 18 17 color 0.4484 0.4314 0.3974
f 18 22 23 19 color 0.5012 0.4822 0.4442
f 21 17 20 24 color 0.4853 0.4669 0.4301
f 25 26 27 28 color 0.2241 0.1941 0.1541
f 30 29 32 31 color 0.2017 0.1747 0.1387
f 28 27 31 32 color 0.2354 0.2039 0.1619
f 29 30 26 25 color 0.1905 0.1650 0.1310
f 26 30 31 27 color 0.2129 0.1844 0.1464
f 29 25 28 32 color 0.2062 0.1786 0.1418
f 33 34 35 36 color 0.4753 0.4553 0.4253
f 38 37 40 39 color 0.4277 0.4097 0.3827
f 36 35 39 40 color 0.4990 0.4780 0.4465
f 37 38 34 33 color 0.4040 0.3870 0.3615
f 34 38 39 35 color 0.4515 0.4325 0.4040
f 37 33 36 40 color 0.4372 0.4188 0.3912
f 41 42 43 44 color 0.4817 0.4617 0.4217
f 46 45 48 47 color 0.4336 0.4156 0.3796
f 44 43 47 48 color 0.5058 0.4848 0.4428
f 45 46 42 41 color 0.4095 0.3925 0.3585
f 42 46 47 43 color 0.4577 0.4387 0.4007
f 45 41 44 48 color 0.4432 0.4248 0.3880
