# deco_lantern.txt
v -0.0100 0.4500 0.0100
v 0.0100 0.4500 0.0100
v 0.0100 0.5000 0.0100
v -0.0100 0.5000 0.0100
v -0.0100 0.4500 -0.0100
v 0.0100 0.4500 -0.0100
v 0.0100 0.5000 -0.0100
v -0.0100 0.5000 -0.0100
v -0.0800 0.4000 0.0800
v 0.0800 0.4000 0.0800
v 0.0800 0.4600 0.0800
v -0.0800 0.4600 0.0800
v -0.0800 0.4000 -0.0800
v 0.0800 0.4000 -0.0800
v 0.0800 0.4600 -0.0800
v -0.0800 0.4600 -0.0800
v -0.0700 0.1000 0.0700
v 0.0700 0.1000 0.0700
v 0.0700 0.4000 0.0700
v -0.0700 0.4000 0.0700
v -0.0700 0.1000 -0.0700
v 0.0700 0.1000 -0.0700
v 0.0700 0.4000 -0.0700
v -0.0700 0.4000 -0.0700
v -0.0800 0.1000 -0.0650
v -0.0650 0.1000 -0.0650
v -0.0650 0.4000 -0.0650
v -0.0800 0.4000 -0.0650
v -0.0800 0.1000 -0.0800
v -0.0650 0.1000 -0.0800
v -0.0650 0.4000 -0.0800
v -0.0800 0.4000 -0.0800
v 0.0650 0.1000 -0.0650
v 0.0800 0.1000 -0.0650
v 0.0800 0.4000 -0.0650
v 0.0650 0.4000 -0.0650
v 0.0650 0.1000 -0.0800
v 0.0800 0.1000 -0.0800
v 0.0800 0.4000 -0.0800
v 0.0650 0.4000 -0.0800
v -0.0800 0.1000 0.0800
v -0.0650 0.1000 0.0800
v -0.0650 0.4000 0.0800
v -0.0800 0.4000 0.0800
v -0.0800 0.1000 0.0650
v -0.0650 0.1000 0.0650
v -0.0650 0.4000 0.0650
v -0.0800 0.4000 0.0650
v 0.0650 0.1000 0.0800
v 0.0800 0.1000 0.0800
v 0.0800 0.4000 0.0800
v 0.0650 0.4000 0.0800
v 0.0650 0.1000 0.0650
v 0.0800 0.1000 0.0650
v 0.0800 0.4000 0.0650
v 0.0650 0.4000 0.0650
v -0.0700 0.0500 0.0700
v 0.0700 0.0500 0.0700
v 0.0700 0.1000 0.0700
v -0.0700 0.1000 0.0700
v -0.0700 0.0500 -0.0700
v 0.0700 0.0500 -0.0700
v 0.0700 0.1000 -0.0700
v -0.0700 0.1000 -0.0700
v -0.0500 0.1500 0.0500
v 0.0500 0.1500 0.0500
v 0.0500 0.3500 0.0500
v -0.0500 0.3500 0.0500
v -0.0500 0.1500 -0.0500
v 0.0500 0.1500 -0.0500
v 0.0500 0.3500 -0.0500
v -0.0500 0.3500 -0.0500

f 1 2 3 4 color 0.2357 0.2357 0.2557
f 6 5 8 7 color 0.2121 0.2121 0.2301
f 4 3 7 8 color 0.2474 0.2474 0.2684
f 5 6 2 1 color 0.2003 0.2003 0.2173
f 2 6 7 3 color 0.2239 0.2239 0.2429
f 5 1 4 8 color 0.2168 0.2168 0.2352
f 9 10 11 12 color 0.2919 0.2719 0.2419
f 14 13 16 15 color 0.2627 0.2447 0.2177
f 12 11 15 16 color 0.3065 0.2855 0.2540
f 13 14 10 9 color 0.2481 0.2311 0.2056
f 10 14 15 11 color 0.2773 0.2583 0.2298
f 13 9 12 16 color 0.2686 0.2502 0.2226
f 17 18 19 20 color 0.6928 0.5928 0.1928
f 22 21 24 23 color 0.6235 0.5335 0.1735
f 20 19 23 24 color 0.7274 0.6224 0.2024
f 21 22 18 17 color 0.5888 0.5038 0.1638
f 18 22 23 19 color 0.6581 0.5631 0.1831
f 21 17 20 24 color 0.6373 0.5453 0.1773
f 25 26 27 28 color 0.3186 0.2986 0.2686
f 30 29 32 31 color 0.2867 0.2687 0.2417
f 28 27 31 32 color 0.3345 0.3135 0.2820
f 29 30 26 25 color 0.2708 0.2538 0.2283
f 26 30 31 27 color 0.3027 0.2837 0.2552
f 29 25 28 32 color 0.2931 0.2747 0.2471
f 33 34 35 36 color 0.2886 0.2686 0.2386
f 38 37 40 39 color 0.2597 0.2417 0.2147
f 36 35 39 40 color 0.3030 0.2820 0.2505
f 37 38 34 33 color 0.2453 0.2283 0.2028
f 34 38 39 35 color 0.2742 0.2552 0.2267
f 37 33 36 40 color 0.2655 0.2471 0.2195
f 41 42 43 44 color 0.3240 0.3040 0.2740
f 46 45 48 47 color 0.2916 0.2736 0.2466
f 44 43 47 48 color 0.3402 0.3192 0.2877
f 45 46 42 41 color 0.2754 0.2584 0.2329
f 42 46 47 43 color 0.3078 0.2888 0.2603
f 45 41 44 48 color 0.2981 0.2797 0.2521
f 49 50 51 52 color 0.3074 0.2874 0.2574
f 54 53 56 55 color 0.2766 0.2586 0.2316
f 52 51 55 56 color 0.3227 0.3017 0.2702
f 53 54 50 49 color 0.2613 0.2443 0.2188
f 50 54 55 51 color 0.2920 0.2730 0.2445
f 53 49 52 56 color 0.2828 0.2644 0.2368
f 57 58 59 60 color 0.2739 0.2539 0.2239
f 62 61 64 63 color 0.2465 0.2285 0.2015
f 60 59 63 64 color 0.2876 0.2666 0.2351
f 61 62 58 57 color 0.2328 0.2158 0.1903
f 58 62 63 59 color 0.2602 0.2412 0.2127
f 61 57 60 64 color 0.2520 0.2336 0.2060
f 65 66 67 68 color 0.8754 0.7254 0.0754
f 70 69 72 71 color 0.7878 0.6528 0.0678
f 68 67 71 72 color 0.9192 0.7617 0.0792
f 69 70 66 65 color 0.7441 0.6166 0.0641
f 66 70 71 67 color 0.8316 0.6891 0.0716
f 69 65 68 72 color 0.8054 0.6674 0.0694
