# deco_chain.txt
v -0.0600 0.7400 0.0180
v 0.0600 0.7400 0.0180
v 0.0600 0.8000 0.0180
v -0.0600 0.8000 0.0180
v -0.0600 0.7400 -0.0180
v 0.0600 0.7400 -0.0180
v 0.0600 0.8000 -0.0180
v -0.0600 0.8000 -0.0180
v -0.0180 0.5800 0.0600
v 0.0180 0.5800 0.0600
v 0.0180 0.6400 0.0600
v -0.0180 0.6400 0.0600
v -0.0180 0.5800 -0.0600
v 0.0180 0.5800 -0.0600
v 0.0180 0.6400 -0.0600
v -0.0180 0.6400 -0.0600
v -0.0600 0.4200 0.0180
v 0.0600 0.4200 0.0180
v 0.0600 0.4800 0.0180
v -0.0600 0.4800 0.0180
v -0.0600 0.4200 -0.0180
v 0.0600 0.4200 -0.0180
v 0.0600 0.4800 -0.0180
v -0.0600 0.4800 -0.0180
v -0.0180 0.2600 0.0600
v 0.0180 0.2600 0.0600
v 0.0180 0.3200 0.0600
v -0.0180 0.3200 0.0600
v -0.0180 0.2600 -0.0600
v 0.0180 0.2600 -0.0600
v 0.0180 0.3200 -0.0600
v -0.0180 0.3200 -0.0600
v -0.0600 0.1000 0.0180
v 0.0600 0.1000 0.0180
v 0.0600 0.1600 0.0180
v -0.0600 0.1600 0.0180
v -0.0600 0.1000 -0.0180
v 0.0600 0.1000 -0.0180
v 0.0600 0.1600 -0.0180
v -0.0600 0.1600 -0.0180
v -0.0100 0.8000 0.0100
v 0.0100 0.8000 0.0100
v 0.0100 0.8800 0.0100
v -0.0100 0.8800 0.0100
v -0.0100 0.8000 -0.0100
v 0.0100 0.8000 -0.0100
v 0.0100 0.8800 -0.0100
v -0.0100 0.8800 -0.0100

f 1 2 3 4 color 0.3687 0.3487 0.3187
f 6 5 8 7 color 0.3319 0.3139 0.2869
f 4 3 7 8 color 0.3872 0.3662 0.3347
f 5 6 2 1 color 0.3134 0.2964 0.2709
f 2 6 7 3 color 0.3503 0.3313 0.3028
f 5 1 4 8 color 0.3392 0.3208 0.2932
f 9 10 11 12 color 0.3571 0.3371 0.3071
f 14 13 16 15 color 0.3214 0.3034 0.2764
f 12 11 15 16 color 0.3750 0.3540 0.3225
f 13 14 10 9 color 0.3035 0.2865 0.2610
f 10 14 15 11 color 0.3393 0.3203 0.2918
f 13 9 12 16 color 0.3285 0.3101 0.2825
f 17 18 19 20 color 0.3420 0.3220 0.2920
f 22 21 24 23 color 0.3078 0.2898 0.2628
f 20 19 23 24 color 0.3591 0.3381 0.3066
f 21 22 18 17 color 0.2907 0.2737 0.2482
f 18 22 23 19 color 0.3249 0.3059 0.2774
f 21 17 20 24 color 0.3146 0.2962 0.2686
f 25 26 27 28 color 0.3207 0.3007 0.2707
f 30 29 32 31 color 0.2887 0.2707 0.2437
f 28 27 31 32 color 0.3368 0.3158 0.2843
f 29 30 26 25 color 0.2726 0.2556 0.2301
f 26 30 31 27 color 0.3047 0.2857 0.2572
f 29 25 28 32 color 0.2951 0.2767 0.2491
f 33 34 35 36 color 0.3556 0.3356 0.3056
f 38 37 40 39 color 0.3201 0.3021 0.2751
f 36 35 39 40 color 0.3734 0.3524 0.3209
f 37 38 34 33 color 0.3023 0.2853 0.2598
f 34 38 39 35 color 0.3378 0.3188 0.2903
f 37 33 36 40 color 0.3272 0.3088 0.2812
f 41 42 43 44 color 0.3274 0.3274 0.3474
f 46 45 48 47 color 0.2946 0.2946 0.3126
f 44 43 47 48 color 0.3437 0.3437 0.3647
f 45 46 42 41 color 0.2783 0.2783 0.2953
f 42 46 47 43 color 0.3110 0.3110 0.3300
f 45 41 44 48 color 0.3012 0.3012 0.3196
