# deco_sign.txt
v -0.0400 0.0000 0.0400
v 0.0400 0.0000 0.0400
v 0.0400 0.6000 0.0400
v -0.0400 0.6000 0.0400
v -0.0400 0.0000 -0.0400
v 0.0400 0.0000 -0.0400
v 0.0400 0.6000 -0.0400
v -0.0400 0.6000 -0.0400
v -0.2500 0.3500 0.0300
v 0.2500 0.3500 0.0300
v 0.2500 0.5500 0.0300
v -0.2500 0.5500 0.0300
v -0.2500 0.3500 -0.0300
v 0.2500 0.3500 -0.0300
v 0.2500 0.5500 -0.0300
v -0.2500 0.5500 -0.0300
v -0.2700 0.3300 0.0350
v 0.2700 0.3300 0.0350
v 0.2700 0.3500 0.0350
v -0.2700 0.3500 0.0350
v -0.2700 0.3300 -0.0350
v 0.2700 0.3300 -0.0350
v 0.2700 0.3500 -0.0350
v -0.2700 0.3500 -0.0350
v -0.2700 0.5300 0.0350
v 0.2700 0.5300 0.0350
v 0.2700 0.5600 0.0350
v -0.2700 0.5600 0.0350
v -0.2700 0.5300 -0.0350
v 0.2700 0.5300 -0.0350
v 0.2700 0.5600 -0.0350
v -0.2700 0.5600 -0.0350
v -0.2700 0.3300 0.0350
v -0.2500 0.3300 0.0350
v -0.2500 0.5600 0.0350
v -0.2700 0.5600 0.0350
v -0.2700 0.3300 -0.0350
v -0.2500 0.3300 -0.0350
v -0.2500 0.5600 -0.0350
v -0.2700 0.5600 -0.0350
v 0.2500 0.3300 0.0350
v 0.2700 0.3300 0.0350
v 0.2700 0.5600 0.0350
v 0.2500 0.5600 0.0350
v 0.2500 0.3300 -0.0350
v 0.2700 0.3300 -0.0350
v 0.2700 0.5600 -0.0350
v 0.2500 0.5600 -0.0350

f 1 2 3 4 color 0.3705 0.2405 0.1105
f 6 5 8 7 color 0.3334 0.2164 0.0994
f 4 3 7 8 color 0.3890 0.2525 0.1160
f 5 6 2 1 color 0.3149 0.2044 0.0939
f 2 6 7 3 color 0.3520 0.2285 0.1050
f 5 1 4 8 color 0.3409 0.2213 0.1017
f 9 10 11 12 color 0.5043 0.3443 0.2043
f 14 13 16 15 color 0.4538 0.3098 0.1838
f 12 11 15 16 color 0.5295 0.3615 0.2145
f 13 14 10 9 color 0.4286 0.2926 0.1736
f 10 14 15 11 color 0.4791 0.3271 0.1941
f 13 9 12 16 color 0.4639 0.3167 0.1879
f 17 18 19 20 color 0.4051 0.2651 0.1251
f 22 21 24 23 color 0.3646 0.2386 0.1126
f 20 19 23 24 color 0.4253 0.2783 0.1313
f 21 22 18 17 color 0.3443 0.2253 0.1063
f 18 22 23 19 color 0.3848 0.2518 0.1188
f 21 17 20 24 color 0.3727 0.2439 0.1151
f 25 26 27 28 color 0.4203 0.2803 0.1403
f 30 29 32 31 color 0.3783 0.2523 0.1263
f 28 27 31 32 color 0.4414 0.2944 0.1474
f 29 30 26 25 color 0.3573 0.2383 0.1193
f 26 30 31 27 color 0.3993 0.2663 0.1333
f 29 25 28 32 color 0.3867 0.2579 0.1291
f 33 34 35 36 color 0.4091 0.2691 0.1291
f 38 37 40 39 color 0.3682 0.2422 0.1162
f 36 35 39 40 color 0.4295 0.2825 0.1355
f 37 38 34 33 color 0.3477 0.2287 0.1097
f 34 38 39 35 color 0.3886 0.2556 0.1226
f 37 33 36 40 color 0.3763 0.2475 0.1187
f 41 42 43 44 color 0.4243 0.2843 0.1443
f 46 45 48 47 color 0.3819 0.2559 0.1299
f 44 43 47 48 color 0.4455 0.2985 0.1515
f 45 46 42 41 color 0.3607 0.2417 0.1227
f 42 46 47 43 color 0.4031 0.2701 0.1371
f 45 41 44 48 color 0.3904 0.2616 0.1328
