# deco_barrel.txt
v 0.2121 0.0000 0.2121
v 0.2121 0.6000 0.2121
v 0.0000 0.0000 0.3000
v 0.0000 0.6000 0.3000
v -0.2121 0.0000 0.2121
v -0.2121 0.6000 0.2121
v -0.3000 0.0000 0.0000
v -0.3000 0.6000 0.0000
v -0.2121 0.0000 -0.2121
v -0.2121 0.6000 -0.2121
v -0.0000 0.0000 -0.3000
v -0.0000 0.6000 -0.3000
v 0.2121 0.0000 -0.2121
v 0.2121 0.6000 -0.2121
v 0.3000 0.0000 -0.0000
v 0.3000 0.6000 -0.0000
v 0.0000 0.6000 0.0000
v 0.2263 0.0800 0.2263
v 0.2263 0.1200 0.2263
v 0.0000 0.0800 0.3200
v 0.0000 0.1200 0.3200
v -0.2263 0.0800 0.2263
v -0.2263 0.1200 0.2263
v -0.3200 0.0800 0.0000
v -0.3200 0.1200 0.0000
v -0.2263 0.0800 -0.2263
v -0.2263 0.1200 -0.2263
v -0.0000 0.0800 -0.3200
v -0.0000 0.1200 -0.3200
v 0.2263 0.0800 -0.2263
v 0.2263 0.1200 -0.2263
v 0.3200 0.0800 -0.0000
v 0.3200 0.1200 -0.0000
v 0.0000 0.1200 0.0000
v 0.2263 0.5200 0.2263
v 0.2263 0.5600 0.2263
v 0.0000 0.5200 0.3200
v 0.0000 0.5600 0.3200
v -0.2263 0.5200 0.2263
v -0.2263 0.5600 0.2263
v -0.3200 0.5200 0.0000
v -0.3200 0.5600 0.0000
v -0.2263 0.5200 -0.2263
v -0.2263 0.5600 -0.2263
v -0.0000 0.5200 -0.3200
v -0.0000 0.5600 -0.3200
v 0.2263 0.5200 -0.2263
v 0.2263 0.5600 -0.2263
v 0.3200 0.5200 -0.0000
v 0.3200 0.5600 -0.0000
v 0.0000 0.5600 0.0000

f 1 3 4 2 color 0.4429 0.2729 0.1429
f 3 5 6 4 color 0.4353 0.2653 0.1353
f 5 7 8 6 color 0.4633 0.2933 0.1633
f 7 9 10 8 color 0.4459 0.2759 0.1459
f 9 11 12 10 color 0.4291 0.2591 0.1291
f 11 13 14 12 color 0.4408 0.2708 0.1408
f 13 15 16 14 color 0.4487 0.2787 0.1487
f 15 1 2 16 color 0.4725 0.3025 0.1725
f 2 4 17 color 0.4950 0.3080 0.1650
f 4 6 17 color 0.4950 0.3080 0.1650
f 6 8 17 color 0.4950 0.3080 0.1650
f 8 10 17 color 0.4950 0.3080 0.1650
f 10 12 17 color 0.4950 0.3080 0.1650
f 12 14 17 color 0.4950 0.3080 0.1650
f 14 16 17 color 0.4950 0.3080 0.1650
f 16 2 17 color 0.4950 0.3080 0.1650
f 18 20 21 19 color 0.2815 0.2815 0.3015
f 20 22 23 21 color 0.3070 0.3070 0.3270
f 22 24 25 23 color 0.2992 0.2992 0.3192
f 24 26 27 25 color 0.2900 0.2900 0.3100
f 26 28 29 27 color 0.2782 0.2782 0.2982
f 28 30 31 29 color 0.2966 0.2966 0.3166
f 30 32 33 31 color 0.2879 0.2879 0.3079
f 32 18 19 33 color 0.2876 0.2876 0.3076
f 19 21 34 color 0.3300 0.3300 0.3520
f 21 23 34 color 0.3300 0.3300 0.3520
f 23 25 34 color 0.3300 0.3300 0.3520
f 25 27 34 color 0.3300 0.3300 0.3520
f 27 29 34 color 0.3300 0.3300 0.3520
f 29 31 34 color 0.3300 0.3300 0.3520
f 31 33 34 color 0.3300 0.3300 0.3520
f 33 19 34 color 0.3300 0.3300 0.3520
f 35 37 38 36 color 0.2881 0.2881 0.3081
f 37 39 40 38 color 0.3195 0.3195 0.3395
f 39 41 42 40 color 0.2765 0.2765 0.2965
f 41 43 44 42 color 0.2760 0.2760 0.2960
f 43 45 46 44 color 0.3087 0.3087 0.3287
f 45 47 48 46 color 0.2792 0.2792 0.2992
f 47 49 50 48 color 0.2802 0.2802 0.3002
f 49 35 36 50 color 0.3014 0.3014 0.3214
f 36 38 51 color 0.3300 0.3300 0.3520
f 38 40 51 color 0.3300 0.3300 0.3520
f 40 42 51 color 0.3300 0.3300 0.3520
f 42 44 51 color 0.3300 0.3300 0.3520
f 44 46 51 color 0.3300 0.3300 0.3520
f 46 48 51 color 0.3300 0.3300 0.3520
f 48 50 51 color 0.3300 0.3300 0.3520
f 50 36 51 color 0.3300 0.3300 0.3520
