# deco_torch.txt
v -0.0300 0.0000 0.0300
v 0.0300 0.0000 0.0300
v 0.0300 0.5000 0.0300
v -0.0300 0.5000 0.0300
v -0.0300 0.0000 -0.0300
v 0.0300 0.0000 -0.0300
v 0.0300 0.5000 -0.0300
v -0.0300 0.5000 -0.0300
v -0.0600 0.4800 0.0600
v 0.0600 0.4800 0.0600
v 0.0600 0.6500 0.0600
v -0.0600 0.6500 0.0600
v -0.0600 0.4800 -0.0600
v 0.0600 0.4800 -0.0600
v 0.0600 0.6500 -0.0600
v -0.0600 0.6500 -0.0600
v -0.0400 0.5800 0.0400
v 0.0400 0.5800 0.0400
v 0.0400 0.7200 0.0400
v -0.0400 0.7200 0.0400
v -0.0400 0.5800 -0.0400
v 0.0400 0.5800 -0.0400
v 0.0400 0.7200 -0.0400
v -0.0400 0.7200 -0.0400
v -0.0200 0.6500 0.0200
v 0.0200 0.6500 0.0200
v 0.0200 0.7800 0.0200
v -0.0200 0.7800 0.0200
v -0.0200 0.6500 -0.0200
v 0.0200 0.6500 -0.0200
v 0.0200 0.7800 -0.0200
v -0.0200 0.7800 -0.0200
v -0.0800 0.4500 0.0800
v 0.0800 0.4500 0.0800
v 0.0800 0.7000 0.0800
v -0.0800 0.7000 0.0800
v -0.0800 0.4500 -0.0800
v 0.0800 0.4500 -0.0800
v 0.0800 0.7000 -0.0800
v -0.0800 0.7000 -0.0800

f 1 2 3 4 color 0.3379 0.2079 0.0879
f 6 5 8 7 color 0.3041 0.1871 0.0791
f 4 3 7 8 color 0.3547 0.2182 0.0922
f 5 6 2 1 color 0.2872 0.1767 0.0747
f 2 6 7 3 color 0.3210 0.1975 0.0835
f 5 1 4 8 color 0.3108 0.1912 0.0808
f 9 10 11 12 color 0.8838 0.5838 0.0838
f 14 13 16 15 color 0.7955 0.5255 0.0755
f 12 11 15 16 color 0.9280 0.6130 0.0880
f 13 14 10 9 color 0.7513 0.4963 0.0713
f 10 14 15 11 color 0.8396 0.5546 0.0796
f 13 9 12 16 color 0.8131 0.5371 0.0771
f 17 18 19 20 color 0.9805 0.6805 0.0000
f 22 21 24 23 color 0.8824 0.6124 0.0000
f 20 19 23 24 color 1.0295 0.7145 0.0000
f 21 22 18 17 color 0.8334 0.5784 0.0000
f 18 22 23 19 color 0.9314 0.6464 0.0000
f 21 17 20 24 color 0.9020 0.6260 0.0000
f 25 26 27 28 color 0.9711 0.8211 0.1711
f 30 29 32 31 color 0.8740 0.7390 0.1540
f 28 27 31 32 color 1.0196 0.8621 0.1796
f 29 30 26 25 color 0.8254 0.6979 0.1454
f 26 30 31 27 color 0.9225 0.7800 0.1625
f 29 25 28 32 color 0.8934 0.7554 0.1574
f 33 34 35 36 color 0.8216 0.4216 0.0716
f 38 37 40 39 color 0.7394 0.3794 0.0644
f 36 35 39 40 color 0.8626 0.4426 0.0751
f 37 38 34 33 color 0.6983 0.3583 0.0608
f 34 38 39 35 color 0.7805 0.4005 0.0680
f 37 33 36 40 color 0.7558 0.3878 0.0658
