# deco_chest.txt
v -0.3500 0.0000 0.2500
v 0.3500 0.0000 0.2500
v 0.3500 0.2500 0.2500
v -0.3500 0.2500 0.2500
v -0.3500 0.0000 -0.2500
v 0.3500 0.0000 -0.2500
v 0.3500 0.2500 -0.2500
v -0.3500 0.2500 -0.2500
v -0.3700 0.2500 0.2700
v 0.3700 0.2500 0.2700
v 0.3700 0.3500 0.2700
v -0.3700 0.3500 0.2700
v -0.3700 0.2500 -0.2700
v 0.3700 0.2500 -0.2700
v 0.3700 0.3500 -0.2700
v -0.3700 0.3500 -0.2700
v -0.3200 0.3500 0.2200
v 0.3200 0.3500 0.2200
v 0.3200 0.4000 0.2200
v -0.3200 0.4000 0.2200
v -0.3200 0.3500 -0.2200
v 0.3200 0.3500 -0.2200
v 0.3200 0.4000 -0.2200
v -0.3200 0.4000 -0.2200
v -0.3600 0.1000 -0.2400
v 0.3600 0.1000 -0.2400
v 0.3600 0.2000 -0.2400
v -0.3600 0.2000 -0.2400
v -0.3600 0.1000 -0.2600
v 0.3600 0.1000 -0.2600
v 0.3600 0.2000 -0.2600
v -0.3600 0.2000 -0.2600
v -0.0400 0.0800 -0.2400
v 0.0400 0.0800 -0.2400
v 0.0400 0.2200 -0.2400
v -0.0400 0.2200 -0.2400
v -0.0400 0.0800 -0.2700
v 0.0400 0.0800 -0.2700
v 0.0400 0.2200 -0.2700
v -0.0400 0.2200 -0.2700
v -0.3600 0.0000 -0.2400
v -0.3300 0.0000 -0.2400
v -0.3300 0.2500 -0.2400
v -0.3600 0.2500 -0.2400
v -0.3600 0.0000 -0.2600
v -0.3300 0.0000 -0.2600
v -0.3300 0.2500 -0.2600
v -0.3600 0.2500 -0.2600
v 0.3300 0.0000 -0.2400
v 0.3600 0.0000 -0.2400
v 0.3600 0.2500 -0.2400
v 0.3300 0.2500 -0.2400
v 0.3300 0.0000 -0.2600
v 0.3600 0.0000 -0.2600
v 0.3600 0.2500 -0.2600
v 0.3300 0.2500 -0.2600

f 1 2 3 4 color 0.4011 0.2311 0.1011
f 6 5 8 7 color 0.3610 0.2080 0.0910
f 4 3 7 8 color 0.4211 0.2426 0.1061
f 5 6 2 1 color 0.3409 0.1964 0.0859
f 2 6 7 3 color 0.3810 0.2195 0.0960
f 5 1 4 8 color 0.3690 0.2126 0.0930
f 9 10 11 12 color 0.3826 0.2226 0.1026
f 14 13 16 15 color 0.3443 0.2003 0.0923
f 12 11 15 16 color 0.4017 0.2337 0.1077
f 13 14 10 9 color 0.3252 0.1892 0.0872
f 10 14 15 11 color 0.3635 0.2115 0.0975
f 13 9 12 16 color 0.3520 0.2048 0.0944
f 17 18 19 20 color 0.3261 0.1761 0.0561
f 22 21 24 23 color 0.2935 0.1585 0.0505
f 20 19 23 24 color 0.3424 0.1849 0.0589
f 21 22 18 17 color 0.2771 0.1496 0.0476
f 18 22 23 19 color 0.3098 0.1673 0.0533
f 21 17 20 24 color 0.3000 0.1620 0.0516
f 25 26 27 28 color 0.3313 0.3013 0.2613
f 30 29 32 31 color 0.2982 0.2712 0.2352
f 28 27 31 32 color 0.3479 0.3164 0.2744
f 29 30 26 25 color 0.2816 0.2561 0.2221
f 26 30 31 27 color 0.3147 0.2862 0.2482
f 29 25 28 32 color 0.3048 0.2772 0.2404
f 33 34 35 36 color 0.4610 0.4110 0.3110
f 38 37 40 39 color 0.4149 0.3699 0.2799
f 36 35 39 40 color 0.4841 0.4316 0.3266
f 37 38 34 33 color 0.3919 0.3494 0.2644
f 34 38 39 35 color 0.4380 0.3905 0.2955
f 37 33 36 40 color 0.4242 0.3782 0.2862
f 41 42 43 44 color 0.3087 0.2887 0.2587
f 46 45 48 47 color 0.2779 0.2599 0.2329
f 44 43 47 48 color 0.3242 0.3032 0.2717
f 45 46 42 41 color 0.2624 0.2454 0.2199
f 42 46 47 43 color 0.2933 0.2743 0.2458
f 45 41 44 48 color 0.2840 0.2656 0.2380
f 49 50 51 52 color 0.3163 0.2963 0.2663
f 54 53 56 55 color 0.2847 0.2667 0.2397
f 52 51 55 56 color 0.3322 0.3112 0.2797
f 53 54 50 49 color 0.2689 0.2519 0.2264
f 50 54 55 51 color 0.3005 0.2815 0.2530
f 53 49 52 56 color 0.2910 0.2726 0.2450
