# deco_door_iron.txt - железная дверь (двусторонняя)

# === Рама (левая) ===
v -0.45 0.0  0.0
v -0.40 0.0  0.0
v -0.40 1.55 0.0
v -0.45 1.55 0.0
v -0.45 0.0  0.08
v -0.40 0.0  0.08
v -0.40 1.55 0.08
v -0.45 1.55 0.08

# === Рама (правая) ===
v  0.40 0.0  0.0
v  0.45 0.0  0.0
v  0.45 1.55 0.0
v  0.40 1.55 0.0
v  0.40 0.0  0.08
v  0.45 0.0  0.08
v  0.45 1.55 0.08
v  0.40 1.55 0.08

# === Рама (верх) ===
v -0.45 1.50 0.0
v  0.45 1.50 0.0
v  0.45 1.55 0.0
v -0.45 1.55 0.0
v -0.45 1.50 0.08
v  0.45 1.50 0.08
v  0.45 1.55 0.08
v -0.45 1.55 0.08

# === Дверь (основа) ===
v -0.38 0.02 0.01
v  0.38 0.02 0.01
v  0.38 1.48 0.01
v -0.38 1.48 0.01
v -0.38 0.02 0.07
v  0.38 0.02 0.07
v  0.38 1.48 0.07
v -0.38 1.48 0.07

# === Полоса горизонтальная 1 ===
v -0.38 0.35 0.005
v  0.38 0.35 0.005
v  0.38 0.40 0.005
v -0.38 0.40 0.005
v -0.38 0.35 0.075
v  0.38 0.35 0.075
v  0.38 0.40 0.075
v -0.38 0.40 0.075

# === Полоса горизонтальная 2 ===
v -0.38 0.75 0.005
v  0.38 0.75 0.005
v  0.38 0.80 0.005
v -0.38 0.80 0.005
v -0.38 0.75 0.075
v  0.38 0.75 0.075
v  0.38 0.80 0.075
v -0.38 0.80 0.075

# === Полоса горизонтальная 3 ===
v -0.38 1.15 0.005
v  0.38 1.15 0.005
v  0.38 1.20 0.005
v -0.38 1.20 0.005
v -0.38 1.15 0.075
v  0.38 1.15 0.075
v  0.38 1.20 0.075
v -0.38 1.20 0.075

# === Заклёпки ===
v -0.32 0.37 0.075
v -0.30 0.37 0.075
v -0.30 0.39 0.075
v -0.32 0.39 0.075
v -0.32 0.37 0.10
v -0.30 0.37 0.10
v -0.30 0.39 0.10
v -0.32 0.39 0.10

v  0.30 0.37 0.075
v  0.32 0.37 0.075
v  0.32 0.39 0.075
v  0.30 0.39 0.075
v  0.30 0.37 0.10
v  0.32 0.37 0.10
v  0.32 0.39 0.10
v  0.30 0.39 0.10

# === Ручка (кольцо) ===
v  0.25 0.58 0.07
v  0.32 0.58 0.07
v  0.32 0.65 0.07
v  0.25 0.65 0.07
v  0.25 0.58 0.11
v  0.32 0.58 0.11
v  0.32 0.65 0.11
v  0.25 0.65 0.11

# === Петля верхняя ===
v -0.40 1.30 0.0
v -0.38 1.30 0.0
v -0.38 1.36 0.0
v -0.40 1.36 0.0
v -0.40 1.30 0.08
v -0.38 1.30 0.08
v -0.38 1.36 0.08
v -0.40 1.36 0.08

# === Петля нижняя ===
v -0.40 0.24 0.0
v -0.38 0.24 0.0
v -0.38 0.30 0.0
v -0.40 0.30 0.0
v -0.40 0.24 0.08
v -0.38 0.24 0.08
v -0.38 0.30 0.08
v -0.40 0.30 0.08

# === Грани (перед + зад) ===

# Рама левая
f 1 2 6 5 color 0.28 0.28 0.30
f 5 6 2 1 color 0.28 0.28 0.30
f 2 3 7 6 color 0.32 0.32 0.34
f 6 7 3 2 color 0.32 0.32 0.34
f 3 4 8 7 color 0.30 0.30 0.32
f 7 8 4 3 color 0.30 0.30 0.32
f 4 1 5 8 color 0.26 0.26 0.28
f 8 5 1 4 color 0.26 0.26 0.28

# Рама правая
f 9 10 14 13 color 0.28 0.28 0.30
f 13 14 10 9 color 0.28 0.28 0.30
f 10 11 15 14 color 0.32 0.32 0.34
f 14 15 11 10 color 0.32 0.32 0.34
f 11 12 16 15 color 0.30 0.30 0.32
f 15 16 12 11 color 0.30 0.30 0.32
f 12 9 13 16 color 0.26 0.26 0.28
f 16 13 9 12 color 0.26 0.26 0.28

# Рама верх
f 17 18 22 21 color 0.30 0.30 0.32
f 21 22 18 17 color 0.30 0.30 0.32
f 18 19 23 22 color 0.34 0.34 0.36
f 22 23 19 18 color 0.34 0.34 0.36
f 19 20 24 23 color 0.32 0.32 0.34
f 23 24 20 19 color 0.32 0.32 0.34
f 20 17 21 24 color 0.28 0.28 0.30
f 24 21 17 20 color 0.28 0.28 0.30

# Дверь основа - перед
f 25 26 27 28 color 0.32 0.32 0.34
f 28 27 26 25 color 0.32 0.32 0.34
# Дверь основа - зад
f 29 30 31 32 color 0.32 0.32 0.34
f 32 31 30 29 color 0.32 0.32 0.34
# Дверь основа - бок
f 25 26 30 29 color 0.30 0.30 0.32
f 29 30 26 25 color 0.30 0.30 0.32
f 26 27 31 30 color 0.30 0.30 0.32
f 30 31 27 26 color 0.30 0.30 0.32
f 27 28 32 31 color 0.35 0.35 0.37
f 31 32 28 27 color 0.35 0.35 0.37
f 28 25 29 32 color 0.28 0.28 0.30
f 32 29 25 28 color 0.28 0.28 0.30

# Полоса 1
f 33 34 38 37 color 0.38 0.38 0.40
f 37 38 34 33 color 0.38 0.38 0.40
f 34 35 39 38 color 0.36 0.36 0.38
f 38 39 35 34 color 0.36 0.36 0.38
f 35 36 40 39 color 0.40 0.40 0.42
f 39 40 36 35 color 0.40 0.40 0.42
f 36 33 37 40 color 0.34 0.34 0.36
f 40 37 33 36 color 0.34 0.34 0.36

# Полоса 2
f 41 42 46 45 color 0.38 0.38 0.40
f 45 46 42 41 color 0.38 0.38 0.40
f 42 43 47 46 color 0.36 0.36 0.38
f 46 47 43 42 color 0.36 0.36 0.38
f 43 44 48 47 color 0.40 0.40 0.42
f 47 48 44 43 color 0.40 0.40 0.42
f 44 41 45 48 color 0.34 0.34 0.36
f 48 45 41 44 color 0.34 0.34 0.36

# Полоса 3
f 49 50 54 53 color 0.38 0.38 0.40
f 53 54 50 49 color 0.38 0.38 0.40
f 50 51 55 54 color 0.36 0.36 0.38
f 54 55 51 50 color 0.36 0.36 0.38
f 51 52 56 55 color 0.40 0.40 0.42
f 55 56 52 51 color 0.40 0.40 0.42
f 52 49 53 56 color 0.34 0.34 0.36
f 56 53 49 52 color 0.34 0.34 0.36

# Заклёпки
f 57 58 62 61 color 0.45 0.45 0.47
f 61 62 58 57 color 0.45 0.45 0.47
f 58 59 63 62 color 0.43 0.43 0.45
f 62 63 59 58 color 0.43 0.43 0.45
f 65 66 70 69 color 0.45 0.45 0.47
f 69 70 66 65 color 0.45 0.45 0.47
f 66 67 71 70 color 0.43 0.43 0.45
f 70 71 67 66 color 0.43 0.43 0.45

# Ручка
f 73 74 78 77 color 0.40 0.40 0.42
f 77 78 74 73 color 0.40 0.40 0.42
f 74 75 79 78 color 0.38 0.38 0.40
f 78 79 75 74 color 0.38 0.38 0.40
f 75 76 80 79 color 0.42 0.42 0.44
f 79 80 76 75 color 0.42 0.42 0.44
f 76 73 77 80 color 0.36 0.36 0.38
f 80 77 73 76 color 0.36 0.36 0.38

# Петля верхняя
f 81 82 86 85 color 0.35 0.35 0.37
f 85 86 82 81 color 0.35 0.35 0.37
f 82 83 87 86 color 0.33 0.33 0.35
f 86 87 83 82 color 0.33 0.33 0.35

# Петля нижняя
f 89 90 94 93 color 0.35 0.35 0.37
f 93 94 90 89 color 0.35 0.35 0.37
f 90 91 95 94 color 0.33 0.33 0.35
f 94 95 91 90 color 0.33 0.33 0.35
