# deco_tombstone.txt
v -0.1800 0.0000 0.0800
v 0.1800 0.0000 0.0800
v 0.1800 0.0800 0.0800
v -0.1800 0.0800 0.0800
v -0.1800 0.0000 -0.0800
v 0.1800 0.0000 -0.0800
v 0.1800 0.0800 -0.0800
v -0.1800 0.0800 -0.0800
v -0.1500 0.0800 0.0400
v 0.1500 0.0800 0.0400
v 0.1500 0.4000 0.0400
v -0.1500 0.4000 0.0400
v -0.1500 0.0800 -0.0400
v 0.1500 0.0800 -0.0400
v 0.1500 0.4000 -0.0400
v -0.1500 0.4000 -0.0400
v -0.1200 0.4000 0.0350
v 0.1200 0.4000 0.0350
v 0.1200 0.4500 0.0350
v -0.1200 0.4500 0.0350
v -0.1200 0.4000 -0.0350
v 0.1200 0.4000 -0.0350
v 0.1200 0.4500 -0.0350
v -0.1200 0.4500 -0.0350
v -0.0800 0.4500 0.0300
v 0.0800 0.4500 0.0300
v 0.0800 0.4800 0.0300
v -0.0800 0.4800 0.0300
v -0.0800 0.4500 -0.0300
v 0.0800 0.4500 -0.0300
v 0.0800 0.4800 -0.0300
v -0.0800 0.4800 -0.0300
v -0.0150 0.2000 -0.0400
v 0.0150 0.2000 -0.0400
v 0.0150 0.3800 -0.0400
v -0.0150 0.3800 -0.0400
v -0.0150 0.2000 -0.0450
v 0.0150 0.2000 -0.0450
v 0.0150 0.3800 -0.0450
v -0.0150 0.3800 -0.0450
v -0.0600 0.3000 -0.0400
v 0.0600 0.3000 -0.0400
v 0.0600 0.3300 -0.0400
v -0.0600 0.3300 -0.0400
v -0.0600 0.3000 -0.0450
v 0.0600 0.3000 -0.0450
v 0.0600 0.3300 -0.0450
v -0.0600 0.3300 -0.0450

f 1 2 3 4 color 0.4362 0.4162 0.3862
f 6 5 8 7 color 0.3926 0.3746 0.3476
f 4 3 7 8 color 0.4581 0.4371 0.4056
f 5 6 2 1 color 0.3708 0.3538 0.3283
f 2 6 7 3 color 0.4144 0.3954 0.3669
f 5 1 4 8 color 0.4013 0.3829 0.3553
f 9 10 11 12 color 0.4965 0.4765 0.4365
f 14 13 16 15 color 0.4468 0.4288 0.3928
f 12 11 15 16 color 0.5213 0.5003 0.4583
f 13 14 10 9 color 0.4220 0.4050 0.3710
f 10 14 15 11 color 0.4716 0.4526 0.4146
f 13 9 12 16 color 0.4568 0.4384 0.4016
f 17 18 19 20 color 0.5305 0.5105 0.4705
f 22 21 24 23 color 0.4774 0.4594 0.4234
f 20 19 23 24 color 0.5570 0.5360 0.4940
f 21 22 18 17 color 0.4509 0.4339 0.3999
f 18 22 23 19 color 0.5039 0.4849 0.4469
f 21 17 20 24 color 0.4880 0.4696 0.4328
f 25 26 27 28 color 0.4877 0.4677 0.4277
f 30 29 32 31 color 0.4389 0.4209 0.3849
f 28 27 31 32 color 0.5120 0.4910 0.4490
f 29 30 26 25 color 0.4145 0.3975 0.3635
f 26 30 31 27 color 0.4633 0.4443 0.4063
f 29 25 28 32 color 0.4486 0.4302 0.3934
f 33 34 35 36 color 0.5211 0.5011 0.4511
f 38 37 40 39 color 0.4690 0.4510 0.4060
f 36 35 39 40 color 0.5472 0.5262 0.4737
f 37 38 34 33 color 0.4430 0.4260 0.3835
f 34 38 39 35 color 0.4951 0.4761 0.4286
f 37 33 36 40 color 0.4794 0.4610 0.4150
f 41 42 43 44 color 0.5250 0.5050 0.4550
f 46 45 48 47 color 0.4725 0.4545 0.4095
f 44 43 47 48 color 0.5512 0.5302 0.4777
f 45 46 42 41 color 0.4462 0.4292 0.3867
f 42 46 47 43 color 0.4987 0.4797 0.4322
f 45 41 44 48 color 0.4830 0.4646 0.4186
