# deco_skull.txt
v -0.1200 0.0800 0.1200
v 0.1200 0.0800 0.1200
v 0.1200 0.2500 0.1200
v -0.1200 0.2500 0.1200
v -0.1200 0.0800 -0.1200
v 0.1200 0.0800 -0.1200
v 0.1200 0.2500 -0.1200
v -0.1200 0.2500 -0.1200
v -0.1000 0.2200 0.1000
v 0.1000 0.2200 0.1000
v 0.1000 0.3000 0.1000
v -0.1000 0.3000 0.1000
v -0.1000 0.2200 -0.1000
v 0.1000 0.2200 -0.1000
v 0.1000 0.3000 -0.1000
v -0.1000 0.3000 -0.1000
v -0.0800 0.1600 -0.1100
v -0.0300 0.1600 -0.1100
v -0.0300 0.2000 -0.1100
v -0.0800 0.2000 -0.1100
v -0.0800 0.1600 -0.1300
v -0.0300 0.1600 -0.1300
v -0.0300 0.2000 -0.1300
v -0.0800 0.2000 -0.1300
v 0.0300 0.1600 -0.1100
v 0.0800 0.1600 -0.1100
v 0.0800 0.2000 -0.1100
v 0.0300 0.2000 -0.1100
v 0.0300 0.1600 -0.1300
v 0.0800 0.1600 -0.1300
v 0.0800 0.2000 -0.1300
v 0.0300 0.2000 -0.1300
v -0.0150 0.1200 -0.1100
v 0.0150 0.1200 -0.1100
v 0.0150 0.1600 -0.1100
v -0.0150 0.1600 -0.1100
v -0.0150 0.1200 -0.1300
v 0.0150 0.1200 -0.1300
v 0.0150 0.1600 -0.1300
v -0.0150 0.1600 -0.1300
v -0.1000 0.0400 0.1000
v 0.1000 0.0400 0.1000
v 0.1000 0.0800 0.1000
v -0.1000 0.0800 0.1000
v -0.1000 0.0400 -0.1000
v 0.1000 0.0400 -0.1000
v 0.1000 0.0800 -0.1000
v -0.1000 0.0800 -0.1000
v -0.0600 0.0600 -0.0900
v -0.0450 0.0600 -0.0900
v -0.0450 0.0900 -0.0900
v -0.0600 0.0900 -0.0900
v -0.0600 0.0600 -0.1100
v -0.0450 0.0600 -0.1100
v -0.0450 0.0900 -0.1100
v -0.0600 0.0900 -0.1100
v -0.0300 0.0600 -0.0900
v -0.0150 0.0600 -0.0900
v -0.0150 0.0900 -0.0900
v -0.0300 0.0900 -0.0900
v -0.0300 0.0600 -0.1100
v -0.0150 0.0600 -0.1100
v -0.0150 0.0900 -0.1100
v -0.0300 0.0900 -0.1100
v 0.0000 0.0600 -0.0900
v 0.0150 0.0600 -0.0900
v 0.0150 0.0900 -0.0900
v 0.0000 0.0900 -0.0900
v 0.0000 0.0600 -0.1100
v 0.0150 0.0600 -0.1100
v 0.0150 0.0900 -0.1100
v 0.0000 0.0900 -0.1100
v 0.0300 0.0600 -0.0900
v 0.0450 0.0600 -0.0900
v 0.0450 0.0900 -0.0900
v 0.0300 0.0900 -0.0900
v 0.0300 0.0600 -0.1100
v 0.0450 0.0600 -0.1100
v 0.0450 0.0900 -0.1100
v 0.0300 0.0900 -0.1100
v 0.0600 0.0600 -0.0900
v 0.0750 0.0600 -0.0900
v 0.0750 0.0900 -0.0900
v 0.0600 0.0900 -0.0900
v 0.0600 0.0600 -0.1100
v 0.0750 0.0600 -0.1100
v 0.0750 0.0900 -0.1100
v 0.0600 0.0900 -0.1100

f 1 2 3 4 color 0.8284 0.7984 0.7284
f 6 5 8 7 color 0.7455 0.7185 0.6555
f 4 3 7 8 color 0.8698 0.8383 0.7648
f 5 6 2 1 color 0.7041 0.6786 0.6191
f 2 6 7 3 color 0.7869 0.7584 0.6919
f 5 1 4 8 color 0.7621 0.7345 0.6701
f 9 10 11 12 color 0.8989 0.8689 0.7989
f 14 13 16 15 color 0.8090 0.7820 0.7190
f 12 11 15 16 color 0.9438 0.9123 0.8388
f 13 14 10 9 color 0.7641 0.7386 0.6791
f 10 14 15 11 color 0.8540 0.8255 0.7590
f 13 9 12 16 color 0.8270 0.7994 0.7350
f 17 18 19 20 color 0.1265 0.0965 0.0765
f 22 21 24 23 color 0.1139 0.0869 0.0689
f 20 19 23 24 color 0.1328 0.1013 0.0803
f 21 22 18 17 color 0.1075 0.0820 0.0650
f 18 22 23 19 color 0.1202 0.0917 0.0727
f 21 17 20 24 color 0.1164 0.0888 0.0704
f 25 26 27 28 color 0.1628 0.1328 0.1128
f 30 29 32 31 color 0.1465 0.1195 0.1015
f 28 27 31 32 color 0.1710 0.1395 0.1185
f 29 30 26 25 color 0.1384 0.1129 0.0959
f 26 30 31 27 color 0.1547 0.1262 0.1072
f 29 25 28 32 color 0.1498 0.1222 0.1038
f 33 34 35 36 color 0.1542 0.1242 0.1042
f 38 37 40 39 color 0.1388 0.1118 0.0938
f 36 35 39 40 color 0.1619 0.1304 0.1094
f 37 38 34 33 color 0.1311 0.1056 0.0886
f 34 38 39 35 color 0.1465 0.1180 0.0990
f 37 33 36 40 color 0.1419 0.1143 0.0959
f 41 42 43 44 color 0.8270 0.7870 0.7070
f 46 45 48 47 color 0.7443 0.7083 0.6363
f 44 43 47 48 color 0.8684 0.8264 0.7424
f 45 46 42 41 color 0.7030 0.6690 0.6010
f 42 46 47 43 color 0.7857 0.7477 0.6717
f 45 41 44 48 color 0.7609 0.7241 0.6505
f 49 50 51 52 color 0.9240 0.8940 0.8240
f 54 53 56 55 color 0.8316 0.8046 0.7416
f 52 51 55 56 color 0.9702 0.9387 0.8652
f 53 54 50 49 color 0.7854 0.7599 0.7004
f 50 54 55 51 color 0.8778 0.8493 0.7828
f 53 49 52 56 color 0.8501 0.8225 0.7581
f 57 58 59 60 color 0.9556 0.9256 0.8556
f 62 61 64 63 color 0.8601 0.8331 0.7701
f 60 59 63 64 color 1.0034 0.9719 0.8984
f 61 62 58 57 color 0.8123 0.7868 0.7273
f 58 62 63 59 color 0.9078 0.8793 0.8128
f 61 57 60 64 color 0.8792 0.8516 0.7872
f 65 66 67 68 color 0.9538 0.9238 0.8538
f 70 69 72 71 color 0.8584 0.8314 0.7684
f 68 67 71 72 color 1.0015 0.9700 0.8965
f 69 70 66 65 color 0.8107 0.7852 0.7257
f 66 70 71 67 color 0.9061 0.8776 0.8111
f 69 65 68 72 color 0.8775 0.8499 0.7855
f 73 74 75 76 color 0.9376 0.9076 0.8376
f 78 77 80 79 color 0.8439 0.8169 0.7539
f 76 75 79 80 color 0.9845 0.9530 0.8795
f 77 78 74 73 color 0.7970 0.7715 0.7120
f 74 78 79 75 color 0.8907 0.8622 0.7957
f 77 73 76 80 color 0.8626 0.8350 0.7706
f 81 82 83 84 color 0.9347 0.9047 0.8347
f 86 85 88 87 color 0.8412 0.8142 0.7512
f 84 83 87 88 color 0.9814 0.9499 0.8764
f 85 86 82 81 color 0.7945 0.7690 0.7095
f 82 86 87 83 color 0.8880 0.8595 0.7930
f 85 81 84 88 color 0.8599 0.8323 0.7679
