# fence_iron.txt
v -3.0300 0.0000 0.0200
v -2.9700 0.0000 0.0200
v -2.9700 1.6000 0.0200
v -3.0300 1.6000 0.0200
v -3.0300 0.0000 -0.0200
v -2.9700 0.0000 -0.0200
v -2.9700 1.6000 -0.0200
v -3.0300 1.6000 -0.0200
v -3.0400 1.6000 0.0300
v -2.9600 1.6000 0.0300
v -2.9600 1.6600 0.0300
v -3.0400 1.6600 0.0300
v -3.0400 1.6000 -0.0300
v -2.9600 1.6000 -0.0300
v -2.9600 1.6600 -0.0300
v -3.0400 1.6600 -0.0300
v -1.5300 0.0000 0.0200
v -1.4700 0.0000 0.0200
v -1.4700 1.6000 0.0200
v -1.5300 1.6000 0.0200
v -1.5300 0.0000 -0.0200
v -1.4700 0.0000 -0.0200
v -1.4700 1.6000 -0.0200
v -1.5300 1.6000 -0.0200
v -1.5400 1.6000 0.0300
v -1.4600 1.6000 0.0300
v -1.4600 1.6600 0.0300
v -1.5400 1.6600 0.0300
v -1.5400 1.6000 -0.0300
v -1.4600 1.6000 -0.0300
v -1.4600 1.6600 -0.0300
v -1.5400 1.6600 -0.0300
v -0.0300 0.0000 0.0200
v 0.0300 0.0000 0.0200
v 0.0300 1.6000 0.0200
v -0.0300 1.6000 0.0200
v -0.0300 0.0000 -0.0200
v 0.0300 0.0000 -0.0200
v 0.0300 1.6000 -0.0200
v -0.0300 1.6000 -0.0200
v -0.0400 1.6000 0.0300
v 0.0400 1.6000 0.0300
v 0.0400 1.6600 0.0300
v -0.0400 1.6600 0.0300
v -0.0400 1.6000 -0.0300
v 0.0400 1.6000 -0.0300
v 0.0400 1.6600 -0.0300
v -0.0400 1.6600 -0.0300
v 1.4700 0.0000 0.0200
v 1.5300 0.0000 0.0200
v 1.5300 1.6000 0.0200
v 1.4700 1.6000 0.0200
v 1.4700 0.0000 -0.0200
v 1.5300 0.0000 -0.0200
v 1.5300 1.6000 -0.0200
v 1.4700 1.6000 -0.0200
v 1.4600 1.6000 0.0300
v 1.5400 1.6000 0.0300
v 1.5400 1.6600 0.0300
v 1.4600 1.6600 0.0300
v 1.4600 1.6000 -0.0300
v 1.5400 1.6000 -0.0300
v 1.5400 1.6600 -0.0300
v 1.4600 1.6600 -0.0300
v 2.9700 0.0000 0.0200
v 3.0300 0.0000 0.0200
v 3.0300 1.6000 0.0200
v 2.9700 1.6000 0.0200
v 2.9700 0.0000 -0.0200
v 3.0300 0.0000 -0.0200
v 3.0300 1.6000 -0.0200
v 2.9700 1.6000 -0.0200
v 2.9600 1.6000 0.0300
v 3.0400 1.6000 0.0300
v 3.0400 1.6600 0.0300
v 2.9600 1.6600 0.0300
v 2.9600 1.6000 -0.0300
v 3.0400 1.6000 -0.0300
v 3.0400 1.6600 -0.0300
v 2.9600 1.6600 -0.0300
v -3.0000 0.2300 0.0133
v 3.0000 0.2300 0.0133
v 3.0000 0.2700 0.0133
v -3.0000 0.2700 0.0133
v -3.0000 0.2300 -0.0133
v 3.0000 0.2300 -0.0133
v 3.0000 0.2700 -0.0133
v -3.0000 0.2700 -0.0133
v -3.0000 1.3800 0.0133
v 3.0000 1.3800 0.0133
v 3.0000 1.4200 0.0133
v -3.0000 1.4200 0.0133
v -3.0000 1.3800 -0.0133
v 3.0000 1.3800 -0.0133
v 3.0000 1.4200 -0.0133
v -3.0000 1.4200 -0.0133
v -2.9250 0.1000 0.0100
v -2.8950 0.1000 0.0100
v -2.8950 1.5500 0.0100
v -2.9250 1.5500 0.0100
v -2.9250 0.1000 -0.0100
v -2.8950 0.1000 -0.0100
v -2.8950 1.5500 -0.0100
v -2.9250 1.5500 -0.0100
v -2.9200 1.5500 0.0100
v -2.9000 1.5500 0.0100
v -2.9000 1.6500 0.0100
v -2.9200 1.6500 0.0100
v -2.9200 1.5500 -0.0100
v -2.9000 1.5500 -0.0100
v -2.9000 1.6500 -0.0100
v -2.9200 1.6500 -0.0100
v -2.7450 0.1000 0.0100
v -2.7150 0.1000 0.0100
v -2.7150 1.5500 0.0100
v -2.7450 1.5500 0.0100
v -2.7450 0.1000 -0.0100
v -2.7150 0.1000 -0.0100
v -2.7150 1.5500 -0.0100
v -2.7450 1.5500 -0.0100
v -2.7400 1.5500 0.0100
v -2.7200 1.5500 0.0100
v -2.7200 1.6500 0.0100
v -2.7400 1.6500 0.0100
v -2.7400 1.5500 -0.0100
v -2.7200 1.5500 -0.0100
v -2.7200 1.6500 -0.0100
v -2.7400 1.6500 -0.0100
v -2.5650 0.1000 0.0100
v -2.5350 0.1000 0.0100
v -2.5350 1.5500 0.0100
v -2.5650 1.5500 0.0100
v -2.5650 0.1000 -0.0100
v -2.5350 0.1000 -0.0100
v -2.5350 1.5500 -0.0100
v -2.5650 1.5500 -0.0100
v -2.5600 1.5500 0.0100
v -2.5400 1.5500 0.0100
v -2.5400 1.6500 0.0100
v -2.5600 1.6500 0.0100
v -2.5600 1.5500 -0.0100
v -2.5400 1.5500 -0.0100
v -2.5400 1.6500 -0.0100
v -2.5600 1.6500 -0.0100
v -2.3850 0.1000 0.0100
v -2.3550 0.1000 0.0100
v -2.3550 1.5500 0.0100
v -2.3850 1.5500 0.0100
v -2.3850 0.1000 -0.0100
v -2.3550 0.1000 -0.0100
v -2.3550 1.5500 -0.0100
v -2.3850 1.5500 -0.0100
v -2.3800 1.5500 0.0100
v -2.3600 1.5500 0.0100
v -2.3600 1.6500 0.0100
v -2.3800 1.6500 0.0100
v -2.3800 1.5500 -0.0100
v -2.3600 1.5500 -0.0100
v -2.3600 1.6500 -0.0100
v -2.3800 1.6500 -0.0100
v -2.2050 0.1000 0.0100
v -2.1750 0.1000 0.0100
v -2.1750 1.5500 0.0100
v -2.2050 1.5500 0.0100
v -2.2050 0.1000 -0.0100
v -2.1750 0.1000 -0.0100
v -2.1750 1.5500 -0.0100
v -2.2050 1.5500 -0.0100
v -2.2000 1.5500 0.0100
v -2.1800 1.5500 0.0100
v -2.1800 1.6500 0.0100
v -2.2000 1.6500 0.0100
v -2.2000 1.5500 -0.0100
v -2.1800 1.5500 -0.0100
v -2.1800 1.6500 -0.0100
v -2.2000 1.6500 -0.0100
v -2.0250 0.1000 0.0100
v -1.9950 0.1000 0.0100
v -1.9950 1.5500 0.0100
v -2.0250 1.5500 0.0100
v -2.0250 0.1000 -0.0100
v -1.9950 0.1000 -0.0100
v -1.9950 1.5500 -0.0100
v -2.0250 1.5500 -0.0100
v -2.0200 1.5500 0.0100
v -2.0000 1.5500 0.0100
v -2.0000 1.6500 0.0100
v -2.0200 1.6500 0.0100
v -2.0200 1.5500 -0.0100
v -2.0000 1.5500 -0.0100
v -2.0000 1.6500 -0.0100
v -2.0200 1.6500 -0.0100
v -1.8450 0.1000 0.0100
v -1.8150 0.1000 0.0100
v -1.8150 1.5500 0.0100
v -1.8450 1.5500 0.0100
v -1.8450 0.1000 -0.0100
v -1.8150 0.1000 -0.0100
v -1.8150 1.5500 -0.0100
v -1.8450 1.5500 -0.0100
v -1.8400 1.5500 0.0100
v -1.8200 1.5500 0.0100
v -1.8200 1.6500 0.0100
v -1.8400 1.6500 0.0100
v -1.8400 1.5500 -0.0100
v -1.8200 1.5500 -0.0100
v -1.8200 1.6500 -0.0100
v -1.8400 1.6500 -0.0100
v -1.6650 0.1000 0.0100
v -1.6350 0.1000 0.0100
v -1.6350 1.5500 0.0100
v -1.6650 1.5500 0.0100
v -1.6650 0.1000 -0.0100
v -1.6350 0.1000 -0.0100
v -1.6350 1.5500 -0.0100
v -1.6650 1.5500 -0.0100
v -1.6600 1.5500 0.0100
v -1.6400 1.5500 0.0100
v -1.6400 1.6500 0.0100
v -1.6600 1.6500 0.0100
v -1.6600 1.5500 -0.0100
v -1.6400 1.5500 -0.0100
v -1.6400 1.6500 -0.0100
v -1.6600 1.6500 -0.0100
v -1.4850 0.1000 0.0100
v -1.4550 0.1000 0.0100
v -1.4550 1.5500 0.0100
v -1.4850 1.5500 0.0100
v -1.4850 0.1000 -0.0100
v -1.4550 0.1000 -0.0100
v -1.4550 1.5500 -0.0100
v -1.4850 1.5500 -0.0100
v -1.4800 1.5500 0.0100
v -1.4600 1.5500 0.0100
v -1.4600 1.6500 0.0100
v -1.4800 1.6500 0.0100
v -1.4800 1.5500 -0.0100
v -1.4600 1.5500 -0.0100
v -1.4600 1.6500 -0.0100
v -1.4800 1.6500 -0.0100
v -1.3050 0.1000 0.0100
v -1.2750 0.1000 0.0100
v -1.2750 1.5500 0.0100
v -1.3050 1.5500 0.0100
v -1.3050 0.1000 -0.0100
v -1.2750 0.1000 -0.0100
v -1.2750 1.5500 -0.0100
v -1.3050 1.5500 -0.0100
v -1.3000 1.5500 0.0100
v -1.2800 1.5500 0.0100
v -1.2800 1.6500 0.0100
v -1.3000 1.6500 0.0100
v -1.3000 1.5500 -0.0100
v -1.2800 1.5500 -0.0100
v -1.2800 1.6500 -0.0100
v -1.3000 1.6500 -0.0100
v -1.1250 0.1000 0.0100
v -1.0950 0.1000 0.0100
v -1.0950 1.5500 0.0100
v -1.1250 1.5500 0.0100
v -1.1250 0.1000 -0.0100
v -1.0950 0.1000 -0.0100
v -1.0950 1.5500 -0.0100
v -1.1250 1.5500 -0.0100
v -1.1200 1.5500 0.0100
v -1.1000 1.5500 0.0100
v -1.1000 1.6500 0.0100
v -1.1200 1.6500 0.0100
v -1.1200 1.5500 -0.0100
v -1.1000 1.5500 -0.0100
v -1.1000 1.6500 -0.0100
v -1.1200 1.6500 -0.0100
v -0.9450 0.1000 0.0100
v -0.9150 0.1000 0.0100
v -0.9150 1.5500 0.0100
v -0.9450 1.5500 0.0100
v -0.9450 0.1000 -0.0100
v -0.9150 0.1000 -0.0100
v -0.9150 1.5500 -0.0100
v -0.9450 1.5500 -0.0100
v -0.9400 1.5500 0.0100
v -0.9200 1.5500 0.0100
v -0.9200 1.6500 0.0100
v -0.9400 1.6500 0.0100
v -0.9400 1.5500 -0.0100
v -0.9200 1.5500 -0.0100
v -0.9200 1.6500 -0.0100
v -0.9400 1.6500 -0.0100
v -0.7650 0.1000 0.0100
v -0.7350 0.1000 0.0100
v -0.7350 1.5500 0.0100
v -0.7650 1.5500 0.0100
v -0.7650 0.1000 -0.0100
v -0.7350 0.1000 -0.0100
v -0.7350 1.5500 -0.0100
v -0.7650 1.5500 -0.0100
v -0.7600 1.5500 0.0100
v -0.7400 1.5500 0.0100
v -0.7400 1.6500 0.0100
v -0.7600 1.6500 0.0100
v -0.7600 1.5500 -0.0100
v -0.7400 1.5500 -0.0100
v -0.7400 1.6500 -0.0100
v -0.7600 1.6500 -0.0100
v -0.5850 0.1000 0.0100
v -0.5550 0.1000 0.0100
v -0.5550 1.5500 0.0100
v -0.5850 1.5500 0.0100
v -0.5850 0.1000 -0.0100
v -0.5550 0.1000 -0.0100
v -0.5550 1.5500 -0.0100
v -0.5850 1.5500 -0.0100
v -0.5800 1.5500 0.0100
v -0.5600 1.5500 0.0100
v -0.5600 1.6500 0.0100
v -0.5800 1.6500 0.0100
v -0.5800 1.5500 -0.0100
v -0.5600 1.5500 -0.0100
v -0.5600 1.6500 -0.0100
v -0.5800 1.6500 -0.0100
v -0.4050 0.1000 0.0100
v -0.3750 0.1000 0.0100
v -0.3750 1.5500 0.0100
v -0.4050 1.5500 0.0100
v -0.4050 0.1000 -0.0100
v -0.3750 0.1000 -0.0100
v -0.3750 1.5500 -0.0100
v -0.4050 1.5500 -0.0100
v -0.4000 1.5500 0.0100
v -0.3800 1.5500 0.0100
v -0.3800 1.6500 0.0100
v -0.4000 1.6500 0.0100
v -0.4000 1.5500 -0.0100
v -0.3800 1.5500 -0.0100
v -0.3800 1.6500 -0.0100
v -0.4000 1.6500 -0.0100
v -0.2250 0.1000 0.0100
v -0.1950 0.1000 0.0100
v -0.1950 1.5500 0.0100
v -0.2250 1.5500 0.0100
v -0.2250 0.1000 -0.0100
v -0.1950 0.1000 -0.0100
v -0.1950 1.5500 -0.0100
v -0.2250 1.5500 -0.0100
v -0.2200 1.5500 0.0100
v -0.2000 1.5500 0.0100
v -0.2000 1.6500 0.0100
v -0.2200 1.6500 0.0100
v -0.2200 1.5500 -0.0100
v -0.2000 1.5500 -0.0100
v -0.2000 1.6500 -0.0100
v -0.2200 1.6500 -0.0100
v -0.0450 0.1000 0.0100
v -0.0150 0.1000 0.0100
v -0.0150 1.5500 0.0100
v -0.0450 1.5500 0.0100
v -0.0450 0.1000 -0.0100
v -0.0150 0.1000 -0.0100
v -0.0150 1.5500 -0.0100
v -0.0450 1.5500 -0.0100
v -0.0400 1.5500 0.0100
v -0.0200 1.5500 0.0100
v -0.0200 1.6500 0.0100
v -0.0400 1.6500 0.0100
v -0.0400 1.5500 -0.0100
v -0.0200 1.5500 -0.0100
v -0.0200 1.6500 -0.0100
v -0.0400 1.6500 -0.0100
v 0.1350 0.1000 0.0100
v 0.1650 0.1000 0.0100
v 0.1650 1.5500 0.0100
v 0.1350 1.5500 0.0100
v 0.1350 0.1000 -0.0100
v 0.1650 0.1000 -0.0100
v 0.1650 1.5500 -0.0100
v 0.1350 1.5500 -0.0100
v 0.1400 1.5500 0.0100
v 0.1600 1.5500 0.0100
v 0.1600 1.6500 0.0100
v 0.1400 1.6500 0.0100
v 0.1400 1.5500 -0.0100
v 0.1600 1.5500 -0.0100
v 0.1600 1.6500 -0.0100
v 0.1400 1.6500 -0.0100
v 0.3150 0.1000 0.0100
v 0.3450 0.1000 0.0100
v 0.3450 1.5500 0.0100
v 0.3150 1.5500 0.0100
v 0.3150 0.1000 -0.0100
v 0.3450 0.1000 -0.0100
v 0.3450 1.5500 -0.0100
v 0.3150 1.5500 -0.0100
v 0.3200 1.5500 0.0100
v 0.3400 1.5500 0.0100
v 0.3400 1.6500 0.0100
v 0.3200 1.6500 0.0100
v 0.3200 1.5500 -0.0100
v 0.3400 1.5500 -0.0100
v 0.3400 1.6500 -0.0100
v 0.3200 1.6500 -0.0100
v 0.4950 0.1000 0.0100
v 0.5250 0.1000 0.0100
v 0.5250 1.5500 0.0100
v 0.4950 1.5500 0.0100
v 0.4950 0.1000 -0.0100
v 0.5250 0.1000 -0.0100
v 0.5250 1.5500 -0.0100
v 0.4950 1.5500 -0.0100
v 0.5000 1.5500 0.0100
v 0.5200 1.5500 0.0100
v 0.5200 1.6500 0.0100
v 0.5000 1.6500 0.0100
v 0.5000 1.5500 -0.0100
v 0.5200 1.5500 -0.0100
v 0.5200 1.6500 -0.0100
v 0.5000 1.6500 -0.0100
v 0.6750 0.1000 0.0100
v 0.7050 0.1000 0.0100
v 0.7050 1.5500 0.0100
v 0.6750 1.5500 0.0100
v 0.6750 0.1000 -0.0100
v 0.7050 0.1000 -0.0100
v 0.7050 1.5500 -0.0100
v 0.6750 1.5500 -0.0100
v 0.6800 1.5500 0.0100
v 0.7000 1.5500 0.0100
v 0.7000 1.6500 0.0100
v 0.6800 1.6500 0.0100
v 0.6800 1.5500 -0.0100
v 0.7000 1.5500 -0.0100
v 0.7000 1.6500 -0.0100
v 0.6800 1.6500 -0.0100
v 0.8550 0.1000 0.0100
v 0.8850 0.1000 0.0100
v 0.8850 1.5500 0.0100
v 0.8550 1.5500 0.0100
v 0.8550 0.1000 -0.0100
v 0.8850 0.1000 -0.0100
v 0.8850 1.5500 -0.0100
v 0.8550 1.5500 -0.0100
v 0.8600 1.5500 0.0100
v 0.8800 1.5500 0.0100
v 0.8800 1.6500 0.0100
v 0.8600 1.6500 0.0100
v 0.8600 1.5500 -0.0100
v 0.8800 1.5500 -0.0100
v 0.8800 1.6500 -0.0100
v 0.8600 1.6500 -0.0100
v 1.0350 0.1000 0.0100
v 1.0650 0.1000 0.0100
v 1.0650 1.5500 0.0100
v 1.0350 1.5500 0.0100
v 1.0350 0.1000 -0.0100
v 1.0650 0.1000 -0.0100
v 1.0650 1.5500 -0.0100
v 1.0350 1.5500 -0.0100
v 1.0400 1.5500 0.0100
v 1.0600 1.5500 0.0100
v 1.0600 1.6500 0.0100
v 1.0400 1.6500 0.0100
v 1.0400 1.5500 -0.0100
v 1.0600 1.5500 -0.0100
v 1.0600 1.6500 -0.0100
v 1.0400 1.6500 -0.0100
v 1.2150 0.1000 0.0100
v 1.2450 0.1000 0.0100
v 1.2450 1.5500 0.0100
v 1.2150 1.5500 0.0100
v 1.2150 0.1000 -0.0100
v 1.2450 0.1000 -0.0100
v 1.2450 1.5500 -0.0100
v 1.2150 1.5500 -0.0100
v 1.2200 1.5500 0.0100
v 1.2400 1.5500 0.0100
v 1.2400 1.6500 0.0100
v 1.2200 1.6500 0.0100
v 1.2200 1.5500 -0.0100
v 1.2400 1.5500 -0.0100
v 1.2400 1.6500 -0.0100
v 1.2200 1.6500 -0.0100
v 1.3950 0.1000 0.0100
v 1.4250 0.1000 0.0100
v 1.4250 1.5500 0.0100
v 1.3950 1.5500 0.0100
v 1.3950 0.1000 -0.0100
v 1.4250 0.1000 -0.0100
v 1.4250 1.5500 -0.0100
v 1.3950 1.5500 -0.0100
v 1.4000 1.5500 0.0100
v 1.4200 1.5500 0.0100
v 1.4200 1.6500 0.0100
v 1.4000 1.6500 0.0100
v 1.4000 1.5500 -0.0100
v 1.4200 1.5500 -0.0100
v 1.4200 1.6500 -0.0100
v 1.4000 1.6500 -0.0100
v 1.5750 0.1000 0.0100
v 1.6050 0.1000 0.0100
v 1.6050 1.5500 0.0100
v 1.5750 1.5500 0.0100
v 1.5750 0.1000 -0.0100
v 1.6050 0.1000 -0.0100
v 1.6050 1.5500 -0.0100
v 1.5750 1.5500 -0.0100
v 1.5800 1.5500 0.0100
v 1.6000 1.5500 0.0100
v 1.6000 1.6500 0.0100
v 1.5800 1.6500 0.0100
v 1.5800 1.5500 -0.0100
v 1.6000 1.5500 -0.0100
v 1.6000 1.6500 -0.0100
v 1.5800 1.6500 -0.0100
v 1.7550 0.1000 0.0100
v 1.7850 0.1000 0.0100
v 1.7850 1.5500 0.0100
v 1.7550 1.5500 0.0100
v 1.7550 0.1000 -0.0100
v 1.7850 0.1000 -0.0100
v 1.7850 1.5500 -0.0100
v 1.7550 1.5500 -0.0100
v 1.7600 1.5500 0.0100
v 1.7800 1.5500 0.0100
v 1.7800 1.6500 0.0100
v 1.7600 1.6500 0.0100
v 1.7600 1.5500 -0.0100
v 1.7800 1.5500 -0.0100
v 1.7800 1.6500 -0.0100
v 1.7600 1.6500 -0.0100
v 1.9350 0.1000 0.0100
v 1.9650 0.1000 0.0100
v 1.9650 1.5500 0.0100
v 1.9350 1.5500 0.0100
v 1.9350 0.1000 -0.0100
v 1.9650 0.1000 -0.0100
v 1.9650 1.5500 -0.0100
v 1.9350 1.5500 -0.0100
v 1.9400 1.5500 0.0100
v 1.9600 1.5500 0.0100
v 1.9600 1.6500 0.0100
v 1.9400 1.6500 0.0100
v 1.9400 1.5500 -0.0100
v 1.9600 1.5500 -0.0100
v 1.9600 1.6500 -0.0100
v 1.9400 1.6500 -0.0100
v 2.1150 0.1000 0.0100
v 2.1450 0.1000 0.0100
v 2.1450 1.5500 0.0100
v 2.1150 1.5500 0.0100
v 2.1150 0.1000 -0.0100
v 2.1450 0.1000 -0.0100
v 2.1450 1.5500 -0.0100
v 2.1150 1.5500 -0.0100
v 2.1200 1.5500 0.0100
v 2.1400 1.5500 0.0100
v 2.1400 1.6500 0.0100
v 2.1200 1.6500 0.0100
v 2.1200 1.5500 -0.0100
v 2.1400 1.5500 -0.0100
v 2.1400 1.6500 -0.0100
v 2.1200 1.6500 -0.0100
v 2.2950 0.1000 0.0100
v 2.3250 0.1000 0.0100
v 2.3250 1.5500 0.0100
v 2.2950 1.5500 0.0100
v 2.2950 0.1000 -0.0100
v 2.3250 0.1000 -0.0100
v 2.3250 1.5500 -0.0100
v 2.2950 1.5500 -0.0100
v 2.3000 1.5500 0.0100
v 2.3200 1.5500 0.0100
v 2.3200 1.6500 0.0100
v 2.3000 1.6500 0.0100
v 2.3000 1.5500 -0.0100
v 2.3200 1.5500 -0.0100
v 2.3200 1.6500 -0.0100
v 2.3000 1.6500 -0.0100
v 2.4750 0.1000 0.0100
v 2.5050 0.1000 0.0100
v 2.5050 1.5500 0.0100
v 2.4750 1.5500 0.0100
v 2.4750 0.1000 -0.0100
v 2.5050 0.1000 -0.0100
v 2.5050 1.5500 -0.0100
v 2.4750 1.5500 -0.0100
v 2.4800 1.5500 0.0100
v 2.5000 1.5500 0.0100
v 2.5000 1.6500 0.0100
v 2.4800 1.6500 0.0100
v 2.4800 1.5500 -0.0100
v 2.5000 1.5500 -0.0100
v 2.5000 1.6500 -0.0100
v 2.4800 1.6500 -0.0100
v 2.6550 0.1000 0.0100
v 2.6850 0.1000 0.0100
v 2.6850 1.5500 0.0100
v 2.6550 1.5500 0.0100
v 2.6550 0.1000 -0.0100
v 2.6850 0.1000 -0.0100
v 2.6850 1.5500 -0.0100
v 2.6550 1.5500 -0.0100
v 2.6600 1.5500 0.0100
v 2.6800 1.5500 0.0100
v 2.6800 1.6500 0.0100
v 2.6600 1.6500 0.0100
v 2.6600 1.5500 -0.0100
v 2.6800 1.5500 -0.0100
v 2.6800 1.6500 -0.0100
v 2.6600 1.6500 -0.0100
v 2.8350 0.1000 0.0100
v 2.8650 0.1000 0.0100
v 2.8650 1.5500 0.0100
v 2.8350 1.5500 0.0100
v 2.8350 0.1000 -0.0100
v 2.8650 0.1000 -0.0100
v 2.8650 1.5500 -0.0100
v 2.8350 1.5500 -0.0100
v 2.8400 1.5500 0.0100
v 2.8600 1.5500 0.0100
v 2.8600 1.6500 0.0100
v 2.8400 1.6500 0.0100
v 2.8400 1.5500 -0.0100
v 2.8600 1.5500 -0.0100
v 2.8600 1.6500 -0.0100
v 2.8400 1.6500 -0.0100

f 1 2 3 4 color 0.2093 0.2093 0.2293
f 6 5 8 7 color 0.1884 0.1884 0.2064
f 4 3 7 8 color 0.2198 0.2198 0.2408
f 5 6 2 1 color 0.1779 0.1779 0.1949
f 2 6 7 3 color 0.1989 0.1989 0.2179
f 5 1 4 8 color 0.1926 0.1926 0.2110
f 9 10 11 12 color 0.2309 0.2309 0.2529
f 14 13 16 15 color 0.2078 0.2078 0.2276
f 12 11 15 16 color 0.2425 0.2425 0.2656
f 13 14 10 9 color 0.1963 0.1963 0.2150
f 10 14 15 11 color 0.2194 0.2194 0.2403
f 13 9 12 16 color 0.2125 0.2125 0.2327
f 17 18 19 20 color 0.2558 0.2558 0.2758
f 22 21 24 23 color 0.2302 0.2302 0.2482
f 20 19 23 24 color 0.2686 0.2686 0.2896
f 21 22 18 17 color 0.2174 0.2174 0.2344
f 18 22 23 19 color 0.2430 0.2430 0.2620
f 21 17 20 24 color 0.2353 0.2353 0.2537
f 25 26 27 28 color 0.2675 0.2675 0.2895
f 30 29 32 31 color 0.2407 0.2407 0.2605
f 28 27 31 32 color 0.2808 0.2808 0.3039
f 29 30 26 25 color 0.2273 0.2273 0.2460
f 26 30 31 27 color 0.2541 0.2541 0.2750
f 29 25 28 32 color 0.2461 0.2461 0.2663
f 33 34 35 36 color 0.2344 0.2344 0.2544
f 38 37 40 39 color 0.2110 0.2110 0.2290
f 36 35 39 40 color 0.2461 0.2461 0.2671
f 37 38 34 33 color 0.1992 0.1992 0.2162
f 34 38 39 35 color 0.2227 0.2227 0.2417
f 37 33 36 40 color 0.2156 0.2156 0.2340
f 41 42 43 44 color 0.2543 0.2543 0.2763
f 46 45 48 47 color 0.2289 0.2289 0.2487
f 44 43 47 48 color 0.2670 0.2670 0.2901
f 45 46 42 41 color 0.2162 0.2162 0.2349
f 42 46 47 43 color 0.2416 0.2416 0.2625
f 45 41 44 48 color 0.2340 0.2340 0.2542
f 49 50 51 52 color 0.2109 0.2109 0.2309
f 54 53 56 55 color 0.1898 0.1898 0.2078
f 52 51 55 56 color 0.2214 0.2214 0.2424
f 53 54 50 49 color 0.1792 0.1792 0.1962
f 50 54 55 51 color 0.2003 0.2003 0.2193
f 53 49 52 56 color 0.1940 0.1940 0.2124
f 57 58 59 60 color 0.1905 0.1905 0.2125
f 62 61 64 63 color 0.1715 0.1715 0.1913
f 60 59 63 64 color 0.2001 0.2001 0.2232
f 61 62 58 57 color 0.1620 0.1620 0.1807
f 58 62 63 59 color 0.1810 0.1810 0.2019
f 61 57 60 64 color 0.1753 0.1753 0.1955
f 65 66 67 68 color 0.1882 0.1882 0.2082
f 70 69 72 71 color 0.1694 0.1694 0.1874
f 68 67 71 72 color 0.1976 0.1976 0.2186
f 69 70 66 65 color 0.1600 0.1600 0.1770
f 66 70 71 67 color 0.1788 0.1788 0.1978
f 69 65 68 72 color 0.1732 0.1732 0.1916
f 73 74 75 76 color 0.1813 0.1813 0.2033
f 78 77 80 79 color 0.1632 0.1632 0.1830
f 76 75 79 80 color 0.1904 0.1904 0.2135
f 77 78 74 73 color 0.1541 0.1541 0.1728
f 74 78 79 75 color 0.1723 0.1723 0.1932
f 77 73 76 80 color 0.1668 0.1668 0.1871
f 81 82 83 84 color 0.2055 0.2055 0.2255
f 86 85 88 87 color 0.1849 0.1849 0.2029
f 84 83 87 88 color 0.2157 0.2157 0.2367
f 85 86 82 81 color 0.1746 0.1746 0.1916
f 82 86 87 83 color 0.1952 0.1952 0.2142
f 85 81 84 88 color 0.1890 0.1890 0.2074
f 89 90 91 92 color 0.2036 0.2036 0.2236
f 94 93 96 95 color 0.1832 0.1832 0.2012
f 92 91 95 96 color 0.2137 0.2137 0.2347
f 93 94 90 89 color 0.1730 0.1730 0.1900
f 90 94 95 91 color 0.1934 0.1934 0.2124
f 93 89 92 96 color 0.1873 0.1873 0.2057
f 97 98 99 100 color 0.2071 0.2071 0.2271
f 102 101 104 103 color 0.1864 0.1864 0.2044
f 100 99 103 104 color 0.2175 0.2175 0.2385
f 101 102 98 97 color 0.1760 0.1760 0.1930
f 98 102 103 99 color 0.1967 0.1967 0.2157
f 101 97 100 104 color 0.1905 0.1905 0.2089
f 105 106 107 108 color 0.2401 0.2401 0.2641
f 110 109 112 111 color 0.2161 0.2161 0.2377
f 108 107 111 112 color 0.2521 0.2521 0.2773
f 109 110 106 105 color 0.2041 0.2041 0.2245
f 106 110 111 107 color 0.2281 0.2281 0.2509
f 109 105 108 112 color 0.2209 0.2209 0.2429
f 113 114 115 116 color 0.2414 0.2314 0.2514
f 118 117 120 119 color 0.2173 0.2083 0.2263
f 116 115 119 120 color 0.2535 0.2430 0.2640
f 117 118 114 113 color 0.2052 0.1967 0.2137
f 114 118 119 115 color 0.2293 0.2198 0.2388
f 117 113 116 120 color 0.2221 0.2129 0.2313
f 121 122 123 124 color 0.3199 0.3079 0.3319
f 126 125 128 127 color 0.2879 0.2771 0.2987
f 124 123 127 128 color 0.3359 0.3233 0.3485
f 125 126 122 121 color 0.2719 0.2617 0.2821
f 122 126 127 123 color 0.3039 0.2925 0.3153
f 125 121 124 128 color 0.2943 0.2832 0.3053
f 129 130 131 132 color 0.2062 0.2062 0.2262
f 134 133 136 135 color 0.1856 0.1856 0.2036
f 132 131 135 136 color 0.2165 0.2165 0.2375
f 133 134 130 129 color 0.1752 0.1752 0.1922
f 130 134 135 131 color 0.1959 0.1959 0.2149
f 133 129 132 136 color 0.1897 0.1897 0.2081
f 137 138 139 140 color 0.2179 0.2179 0.2419
f 142 141 144 143 color 0.1962 0.1962 0.2178
f 140 139 143 144 color 0.2288 0.2288 0.2540
f 141 142 138 137 color 0.1853 0.1853 0.2057
f 138 142 143 139 color 0.2071 0.2071 0.2299
f 141 137 140 144 color 0.2005 0.2005 0.2226
f 145 146 147 148 color 0.1842 0.1842 0.2042
f 150 149 152 151 color 0.1658 0.1658 0.1838
f 148 147 151 152 color 0.1934 0.1934 0.2144
f 149 150 146 145 color 0.1565 0.1565 0.1735
f 146 150 151 147 color 0.1750 0.1750 0.1940
f 149 145 148 152 color 0.1694 0.1694 0.1878
f 153 154 155 156 color 0.2236 0.2236 0.2476
f 158 157 160 159 color 0.2013 0.2013 0.2229
f 156 155 159 160 color 0.2348 0.2348 0.2600
f 157 158 154 153 color 0.1901 0.1901 0.2105
f 154 158 159 155 color 0.2125 0.2125 0.2353
f 157 153 156 160 color 0.2057 0.2057 0.2278
f 161 162 163 164 color 0.1657 0.1657 0.1857
f 166 165 168 167 color 0.1492 0.1492 0.1672
f 164 163 167 168 color 0.1740 0.1740 0.1950
f 165 166 162 161 color 0.1409 0.1409 0.1579
f 162 166 167 163 color 0.1574 0.1574 0.1764
f 165 161 164 168 color 0.1525 0.1525 0.1709
f 169 170 171 172 color 0.2766 0.2766 0.3006
f 174 173 176 175 color 0.2489 0.2489 0.2705
f 172 171 175 176 color 0.2904 0.2904 0.3156
f 173 174 170 169 color 0.2351 0.2351 0.2555
f 170 174 175 171 color 0.2628 0.2628 0.2856
f 173 169 172 176 color 0.2545 0.2545 0.2765
f 177 178 179 180 color 0.2426 0.2426 0.2626
f 182 181 184 183 color 0.2184 0.2184 0.2364
f 180 179 183 184 color 0.2548 0.2548 0.2758
f 181 182 178 177 color 0.2062 0.2062 0.2232
f 178 182 183 179 color 0.2305 0.2305 0.2495
f 181 177 180 184 color 0.2232 0.2232 0.2416
f 185 186 187 188 color 0.2363 0.2363 0.2603
f 190 189 192 191 color 0.2127 0.2127 0.2343
f 188 187 191 192 color 0.2481 0.2481 0.2733
f 189 190 186 185 color 0.2009 0.2009 0.2213
f 186 190 191 187 color 0.2245 0.2245 0.2473
f 189 185 188 192 color 0.2174 0.2174 0.2395
f 193 194 195 196 color 0.2318 0.2218 0.2418
f 198 197 200 199 color 0.2086 0.1996 0.2176
f 196 195 199 200 color 0.2433 0.2328 0.2538
f 197 198 194 193 color 0.1970 0.1885 0.2055
f 194 198 199 195 color 0.2202 0.2107 0.2297
f 197 193 196 200 color 0.2132 0.2040 0.2224
f 201 202 203 204 color 0.2965 0.2845 0.3085
f 206 205 208 207 color 0.2669 0.2561 0.2777
f 204 203 207 208 color 0.3114 0.2988 0.3240
f 205 206 202 201 color 0.2521 0.2419 0.2623
f 202 206 207 203 color 0.2817 0.2703 0.2931
f 205 201 204 208 color 0.2728 0.2618 0.2839
f 209 210 211 212 color 0.2317 0.2317 0.2517
f 214 213 216 215 color 0.2085 0.2085 0.2265
f 212 211 215 216 color 0.2433 0.2433 0.2643
f 213 214 210 209 color 0.1969 0.1969 0.2139
f 210 214 215 211 color 0.2201 0.2201 0.2391
f 213 209 212 216 color 0.2132 0.2132 0.2316
f 217 218 219 220 color 0.2457 0.2457 0.2697
f 222 221 224 223 color 0.2211 0.2211 0.2427
f 220 219 223 224 color 0.2580 0.2580 0.2832
f 221 222 218 217 color 0.2088 0.2088 0.2292
f 218 222 223 219 color 0.2334 0.2334 0.2562
f 221 217 220 224 color 0.2260 0.2260 0.2481
f 225 226 227 228 color 0.2472 0.2472 0.2672
f 230 229 232 231 color 0.2225 0.2225 0.2405
f 228 227 231 232 color 0.2596 0.2596 0.2806
f 229 230 226 225 color 0.2101 0.2101 0.2271
f 226 230 231 227 color 0.2349 0.2349 0.2539
f 229 225 228 232 color 0.2274 0.2274 0.2458
f 233 234 235 236 color 0.2542 0.2542 0.2782
f 238 237 240 239 color 0.2287 0.2287 0.2503
f 236 235 239 240 color 0.2669 0.2669 0.2921
f 237 238 234 233 color 0.2160 0.2160 0.2364
f 234 238 239 235 color 0.2414 0.2414 0.2642
f 237 233 236 240 color 0.2338 0.2338 0.2559
f 241 242 243 244 color 0.2429 0.2429 0.2629
f 246 245 248 247 color 0.2187 0.2187 0.2367
f 244 243 247 248 color 0.2551 0.2551 0.2761
f 245 246 242 241 color 0.2065 0.2065 0.2235
f 242 246 247 243 color 0.2308 0.2308 0.2498
f 245 241 244 248 color 0.2235 0.2235 0.2419
f 249 250 251 252 color 0.2687 0.2687 0.2927
f 254 253 256 255 color 0.2418 0.2418 0.2634
f 252 251 255 256 color 0.2821 0.2821 0.3073
f 253 254 250 249 color 0.2284 0.2284 0.2488
f 250 254 255 251 color 0.2553 0.2553 0.2781
f 253 249 252 256 color 0.2472 0.2472 0.2693
f 257 258 259 260 color 0.1815 0.1815 0.2015
f 262 261 264 263 color 0.1633 0.1633 0.1813
f 260 259 263 264 color 0.1906 0.1906 0.2116
f 261 262 258 257 color 0.1543 0.1543 0.1713
f 258 262 263 259 color 0.1724 0.1724 0.1914
f 261 257 260 264 color 0.1670 0.1670 0.1854
f 265 266 267 268 color 0.2684 0.2684 0.2924
f 270 269 272 271 color 0.2416 0.2416 0.2632
f 268 267 271 272 color 0.2819 0.2819 0.3071
f 269 270 266 265 color 0.2282 0.2282 0.2486
f 266 270 271 267 color 0.2550 0.2550 0.2778
f 269 265 268 272 color 0.2470 0.2470 0.2690
f 273 274 275 276 color 0.2038 0.2038 0.2238
f 278 277 280 279 color 0.1834 0.1834 0.2014
f 276 275 279 280 color 0.2140 0.2140 0.2350
f 277 278 274 273 color 0.1732 0.1732 0.1902
f 274 278 279 275 color 0.1936 0.1936 0.2126
f 277 273 276 280 color 0.1875 0.1875 0.2059
f 281 282 283 284 color 0.2652 0.2652 0.2892
f 286 285 288 287 color 0.2387 0.2387 0.2603
f 284 283 287 288 color 0.2785 0.2785 0.3037
f 285 286 282 281 color 0.2255 0.2255 0.2459
f 282 286 287 283 color 0.2520 0.2520 0.2748
f 285 281 284 288 color 0.2440 0.2440 0.2661
f 289 290 291 292 color 0.1663 0.1663 0.1863
f 294 293 296 295 color 0.1496 0.1496 0.1676
f 292 291 295 296 color 0.1746 0.1746 0.1956
f 293 294 290 289 color 0.1413 0.1413 0.1583
f 290 294 295 291 color 0.1580 0.1580 0.1770
f 293 289 292 296 color 0.1530 0.1530 0.1714
f 297 298 299 300 color 0.2082 0.2082 0.2322
f 302 301 304 303 color 0.1874 0.1874 0.2090
f 300 299 303 304 color 0.2186 0.2186 0.2438
f 301 302 298 297 color 0.1769 0.1769 0.1973
f 298 302 303 299 color 0.1978 0.1978 0.2206
f 301 297 300 304 color 0.1915 0.1915 0.2136
f 305 306 307 308 color 0.2511 0.2511 0.2711
f 310 309 312 311 color 0.2260 0.2260 0.2440
f 308 307 311 312 color 0.2637 0.2637 0.2847
f 309 310 306 305 color 0.2135 0.2135 0.2305
f 306 310 311 307 color 0.2386 0.2386 0.2576
f 309 305 308 312 color 0.2310 0.2310 0.2494
f 313 314 315 316 color 0.2249 0.2249 0.2489
f 318 317 320 319 color 0.2024 0.2024 0.2240
f 316 315 319 320 color 0.2361 0.2361 0.2613
f 317 318 314 313 color 0.1911 0.1911 0.2115
f 314 318 319 315 color 0.2136 0.2136 0.2364
f 317 313 316 320 color 0.2069 0.2069 0.2290
f 321 322 323 324 color 0.2144 0.2044 0.2244
f 326 325 328 327 color 0.1930 0.1840 0.2020
f 324 323 327 328 color 0.2252 0.2147 0.2357
f 325 326 322 321 color 0.1823 0.1738 0.1908
f 322 326 327 323 color 0.2037 0.1942 0.2132
f 325 321 324 328 color 0.1973 0.1881 0.2065
f 329 330 331 332 color 0.2922 0.2802 0.3042
f 334 333 336 335 color 0.2630 0.2522 0.2738
f 332 331 335 336 color 0.3068 0.2942 0.3194
f 333 334 330 329 color 0.2484 0.2382 0.2586
f 330 334 335 331 color 0.2776 0.2662 0.2890
f 333 329 332 336 color 0.2689 0.2578 0.2799
f 337 338 339 340 color 0.2154 0.2154 0.2354
f 342 341 344 343 color 0.1938 0.1938 0.2118
f 340 339 343 344 color 0.2262 0.2262 0.2472
f 341 342 338 337 color 0.1831 0.1831 0.2001
f 338 342 343 339 color 0.2046 0.2046 0.2236
f 341 337 340 344 color 0.1982 0.1982 0.2166
f 345 346 347 348 color 0.2027 0.2027 0.2267
f 350 349 352 351 color 0.1824 0.1824 0.2040
f 348 347 351 352 color 0.2129 0.2129 0.2381
f 349 350 346 345 color 0.1723 0.1723 0.1927
f 346 350 351 347 color 0.1926 0.1926 0.2154
f 349 345 348 352 color 0.1865 0.1865 0.2086
f 353 354 355 356 color 0.1913 0.1913 0.2113
f 358 357 360 359 color 0.1722 0.1722 0.1902
f 356 355 359 360 color 0.2009 0.2009 0.2219
f 357 358 354 353 color 0.1626 0.1626 0.1796
f 354 358 359 355 color 0.1817 0.1817 0.2007
f 357 353 356 360 color 0.1760 0.1760 0.1944
f 361 362 363 364 color 0.2681 0.2681 0.2921
f 366 365 368 367 color 0.2413 0.2413 0.2629
f 364 363 367 368 color 0.2815 0.2815 0.3067
f 365 366 362 361 color 0.2279 0.2279 0.2483
f 362 366 367 363 color 0.2547 0.2547 0.2775
f 365 361 364 368 color 0.2466 0.2466 0.2687
f 369 370 371 372 color 0.1839 0.1839 0.2039
f 374 373 376 375 color 0.1655 0.1655 0.1835
f 372 371 375 376 color 0.1931 0.1931 0.2141
f 373 374 370 369 color 0.1563 0.1563 0.1733
f 370 374 375 371 color 0.1747 0.1747 0.1937
f 373 369 372 376 color 0.1692 0.1692 0.1876
f 377 378 379 380 color 0.2517 0.2517 0.2757
f 382 381 384 383 color 0.2265 0.2265 0.2481
f 380 379 383 384 color 0.2642 0.2642 0.2894
f 381 382 378 377 color 0.2139 0.2139 0.2343
f 378 382 383 379 color 0.2391 0.2391 0.2619
f 381 377 380 384 color 0.2315 0.2315 0.2536
f 385 386 387 388 color 0.2527 0.2527 0.2727
f 390 389 392 391 color 0.2274 0.2274 0.2454
f 388 387 391 392 color 0.2654 0.2654 0.2864
f 389 390 386 385 color 0.2148 0.2148 0.2318
f 386 390 391 387 color 0.2401 0.2401 0.2591
f 389 385 388 392 color 0.2325 0.2325 0.2509
f 393 394 395 396 color 0.2700 0.2700 0.2940
f 398 397 400 399 color 0.2430 0.2430 0.2646
f 396 395 399 400 color 0.2835 0.2835 0.3087
f 397 398 394 393 color 0.2295 0.2295 0.2499
f 394 398 399 395 color 0.2565 0.2565 0.2793
f 397 393 396 400 color 0.2484 0.2484 0.2705
f 401 402 403 404 color 0.2149 0.2149 0.2349
f 406 405 408 407 color 0.1934 0.1934 0.2114
f 404 403 407 408 color 0.2256 0.2256 0.2466
f 405 406 402 401 color 0.1827 0.1827 0.1997
f 402 406 407 403 color 0.2041 0.2041 0.2231
f 405 401 404 408 color 0.1977 0.1977 0.2161
f 409 410 411 412 color 0.2555 0.2555 0.2795
f 414 413 416 415 color 0.2299 0.2299 0.2515
f 412 411 415 416 color 0.2682 0.2682 0.2934
f 413 414 410 409 color 0.2171 0.2171 0.2375
f 410 414 415 411 color 0.2427 0.2427 0.2655
f 413 409 412 416 color 0.2350 0.2350 0.2571
f 417 418 419 420 color 0.1985 0.1985 0.2185
f 422 421 424 423 color 0.1787 0.1787 0.1967
f 420 419 423 424 color 0.2084 0.2084 0.2294
f 421 422 418 417 color 0.1687 0.1687 0.1857
f 418 422 423 419 color 0.1886 0.1886 0.2076
f 421 417 420 424 color 0.1826 0.1826 0.2010
f 425 426 427 428 color 0.2505 0.2505 0.2745
f 430 429 432 431 color 0.2255 0.2255 0.2471
f 428 427 431 432 color 0.2630 0.2630 0.2882
f 429 430 426 425 color 0.2129 0.2129 0.2333
f 426 430 431 427 color 0.2380 0.2380 0.2608
f 429 425 428 432 color 0.2305 0.2305 0.2525
f 433 434 435 436 color 0.2382 0.2282 0.2482
f 438 437 440 439 color 0.2144 0.2054 0.2234
f 436 435 439 440 color 0.2501 0.2396 0.2606
f 437 438 434 433 color 0.2025 0.1940 0.2110
f 434 438 439 435 color 0.2263 0.2168 0.2358
f 437 433 436 440 color 0.2192 0.2100 0.2284
f 441 442 443 444 color 0.2824 0.2704 0.2944
f 446 445 448 447 color 0.2542 0.2434 0.2650
f 444 443 447 448 color 0.2965 0.2839 0.3091
f 445 446 442 441 color 0.2401 0.2299 0.2503
f 442 446 447 443 color 0.2683 0.2569 0.2797
f 445 441 444 448 color 0.2598 0.2488 0.2709
f 449 450 451 452 color 0.1771 0.1771 0.1971
f 454 453 456 455 color 0.1594 0.1594 0.1774
f 452 451 455 456 color 0.1859 0.1859 0.2069
f 453 454 450 449 color 0.1505 0.1505 0.1675
f 450 454 455 451 color 0.1682 0.1682 0.1872
f 453 449 452 456 color 0.1629 0.1629 0.1813
f 457 458 459 460 color 0.2796 0.2796 0.3036
f 462 461 464 463 color 0.2516 0.2516 0.2732
f 460 459 463 464 color 0.2935 0.2935 0.3187
f 461 462 458 457 color 0.2376 0.2376 0.2580
f 458 462 463 459 color 0.2656 0.2656 0.2884
f 461 457 460 464 color 0.2572 0.2572 0.2793
f 465 466 467 468 color 0.1767 0.1767 0.1967
f 470 469 472 471 color 0.1590 0.1590 0.1770
f 468 467 471 472 color 0.1855 0.1855 0.2065
f 469 470 466 465 color 0.1502 0.1502 0.1672
f 466 470 471 467 color 0.1679 0.1679 0.1869
f 469 465 468 472 color 0.1626 0.1626 0.1810
f 473 474 475 476 color 0.2386 0.2386 0.2626
f 478 477 480 479 color 0.2147 0.2147 0.2363
f 476 475 479 480 color 0.2505 0.2505 0.2757
f 477 478 474 473 color 0.2028 0.2028 0.2232
f 474 478 479 475 color 0.2267 0.2267 0.2495
f 477 473 476 480 color 0.2195 0.2195 0.2416
f 481 482 483 484 color 0.2003 0.2003 0.2203
f 486 485 488 487 color 0.1803 0.1803 0.1983
f 484 483 487 488 color 0.2103 0.2103 0.2313
f 485 486 482 481 color 0.1703 0.1703 0.1873
f 482 486 487 483 color 0.1903 0.1903 0.2093
f 485 481 484 488 color 0.1843 0.1843 0.2027
f 489 490 491 492 color 0.2354 0.2354 0.2594
f 494 493 496 495 color 0.2118 0.2118 0.2334
f 492 491 495 496 color 0.2471 0.2471 0.2723
f 493 494 490 489 color 0.2001 0.2001 0.2205
f 490 494 495 491 color 0.2236 0.2236 0.2464
f 493 489 492 496 color 0.2165 0.2165 0.2386
f 497 498 499 500 color 0.2034 0.2034 0.2234
f 502 501 504 503 color 0.1830 0.1830 0.2010
f 500 499 503 504 color 0.2135 0.2135 0.2345
f 501 502 498 497 color 0.1729 0.1729 0.1899
f 498 502 503 499 color 0.1932 0.1932 0.2122
f 501 497 500 504 color 0.1871 0.1871 0.2055
f 505 506 507 508 color 0.2020 0.2020 0.2260
f 510 509 512 511 color 0.1818 0.1818 0.2034
f 508 507 511 512 color 0.2121 0.2121 0.2373
f 509 510 506 505 color 0.1717 0.1717 0.1921
f 506 510 511 507 color 0.1919 0.1919 0.2147
f 509 505 508 512 color 0.1858 0.1858 0.2079
f 513 514 515 516 color 0.1810 0.1810 0.2010
f 518 517 520 519 color 0.1629 0.1629 0.1809
f 516 515 519 520 color 0.1900 0.1900 0.2110
f 517 518 514 513 color 0.1538 0.1538 0.1708
f 514 518 519 515 color 0.1719 0.1719 0.1909
f 517 513 516 520 color 0.1665 0.1665 0.1849
f 521 522 523 524 color 0.2798 0.2798 0.3038
f 526 525 528 527 color 0.2519 0.2519 0.2735
f 524 523 527 528 color 0.2938 0.2938 0.3190
f 525 526 522 521 color 0.2379 0.2379 0.2583
f 522 526 527 523 color 0.2658 0.2658 0.2886
f 525 521 524 528 color 0.2575 0.2575 0.2795
f 529 530 531 532 color 0.2149 0.2149 0.2349
f 534 533 536 535 color 0.1934 0.1934 0.2114
f 532 531 535 536 color 0.2256 0.2256 0.2466
f 533 534 530 529 color 0.1826 0.1826 0.1996
f 530 534 535 531 color 0.2041 0.2041 0.2231
f 533 529 532 536 color 0.1977 0.1977 0.2161
f 537 538 539 540 color 0.1910 0.1910 0.2150
f 542 541 544 543 color 0.1719 0.1719 0.1935
f 540 539 543 544 color 0.2006 0.2006 0.2258
f 541 542 538 537 color 0.1624 0.1624 0.1828
f 538 542 543 539 color 0.1815 0.1815 0.2043
f 541 537 540 544 color 0.1758 0.1758 0.1978
f 545 546 547 548 color 0.2531 0.2531 0.2731
f 550 549 552 551 color 0.2278 0.2278 0.2458
f 548 547 551 552 color 0.2657 0.2657 0.2867
f 549 550 546 545 color 0.2151 0.2151 0.2321
f 546 550 551 547 color 0.2404 0.2404 0.2594
f 549 545 548 552 color 0.2328 0.2328 0.2512
f 553 554 555 556 color 0.2763 0.2763 0.3003
f 558 557 560 559 color 0.2486 0.2486 0.2702
f 556 555 559 560 color 0.2901 0.2901 0.3153
f 557 558 554 553 color 0.2348 0.2348 0.2552
f 554 558 559 555 color 0.2625 0.2625 0.2853
f 557 553 556 560 color 0.2542 0.2542 0.2762
f 561 562 563 564 color 0.2187 0.2087 0.2287
f 566 565 568 567 color 0.1968 0.1878 0.2058
f 564 563 567 568 color 0.2296 0.2191 0.2401
f 565 566 562 561 color 0.1859 0.1774 0.1944
f 562 566 567 563 color 0.2078 0.1983 0.2173
f 565 561 564 568 color 0.2012 0.1920 0.2104
f 569 570 571 572 color 0.2737 0.2617 0.2857
f 574 573 576 575 color 0.2463 0.2355 0.2571
f 572 571 575 576 color 0.2873 0.2747 0.2999
f 573 574 570 569 color 0.2326 0.2224 0.2428
f 570 574 575 571 color 0.2600 0.2486 0.2714
f 573 569 572 576 color 0.2518 0.2407 0.2628
f 577 578 579 580 color 0.2279 0.2279 0.2479
f 582 581 584 583 color 0.2051 0.2051 0.2231
f 580 579 583 584 color 0.2393 0.2393 0.2603
f 581 582 578 577 color 0.1937 0.1937 0.2107
f 578 582 583 579 color 0.2165 0.2165 0.2355
f 581 577 580 584 color 0.2097 0.2097 0.2281
f 585 586 587 588 color 0.2170 0.2170 0.2410
f 590 589 592 591 color 0.1953 0.1953 0.2169
f 588 587 591 592 color 0.2278 0.2278 0.2530
f 589 590 586 585 color 0.1844 0.1844 0.2048
f 586 590 591 587 color 0.2061 0.2061 0.2289
f 589 585 588 592 color 0.1996 0.1996 0.2217
f 593 594 595 596 color 0.2134 0.2034 0.2234
f 598 597 600 599 color 0.1921 0.1831 0.2011
f 596 595 599 600 color 0.2241 0.2136 0.2346
f 597 598 594 593 color 0.1814 0.1729 0.1899
f 594 598 599 595 color 0.2027 0.1932 0.2122
f 597 593 596 600 color 0.1963 0.1871 0.2055
f 601 602 603 604 color 0.3180 0.3060 0.3300
f 606 605 608 607 color 0.2862 0.2754 0.2970
f 604 603 607 608 color 0.3339 0.3213 0.3465
f 605 606 602 601 color 0.2703 0.2601 0.2805
f 602 606 607 603 color 0.3021 0.2907 0.3135
f 605 601 604 608 color 0.2926 0.2816 0.3036
f 609 610 611 612 color 0.2630 0.2530 0.2730
f 614 613 616 615 color 0.2367 0.2277 0.2457
f 612 611 615 616 color 0.2762 0.2657 0.2867
f 613 614 610 609 color 0.2236 0.2151 0.2321
f 610 614 615 611 color 0.2499 0.2404 0.2594
f 613 609 612 616 color 0.2420 0.2328 0.2512
f 617 618 619 620 color 0.3120 0.3000 0.3240
f 622 621 624 623 color 0.2808 0.2700 0.2916
f 620 619 623 624 color 0.3276 0.3150 0.3402
f 621 622 618 617 color 0.2652 0.2550 0.2754
f 618 622 623 619 color 0.2964 0.2850 0.3078
f 621 617 620 624 color 0.2870 0.2760 0.2981
