# fence_wooden.txt
v -3.0600 0.0000 0.0300
v -2.9400 0.0000 0.0300
v -2.9400 1.5000 0.0300
v -3.0600 1.5000 0.0300
v -3.0600 0.0000 -0.0300
v -2.9400 0.0000 -0.0300
v -2.9400 1.5000 -0.0300
v -3.0600 1.5000 -0.0300
v -1.0600 0.0000 0.0300
v -0.9400 0.0000 0.0300
v -0.9400 1.5000 0.0300
v -1.0600 1.5000 0.0300
v -1.0600 0.0000 -0.0300
v -0.9400 0.0000 -0.0300
v -0.9400 1.5000 -0.0300
v -1.0600 1.5000 -0.0300
v 0.9400 0.0000 0.0300
v 1.0600 0.0000 0.0300
v 1.0600 1.5000 0.0300
v 0.9400 1.5000 0.0300
v 0.9400 0.0000 -0.0300
v 1.0600 0.0000 -0.0300
v 1.0600 1.5000 -0.0300
v 0.9400 1.5000 -0.0300
v 2.9400 0.0000 0.0300
v 3.0600 0.0000 0.0300
v 3.0600 1.5000 0.0300
v 2.9400 1.5000 0.0300
v 2.9400 0.0000 -0.0300
v 3.0600 0.0000 -0.0300
v 3.0600 1.5000 -0.0300
v 2.9400 1.5000 -0.0300
v -3.0000 0.2600 0.0150
v 3.0000 0.2600 0.0150
v 3.0000 0.3400 0.0150
v -3.0000 0.3400 0.0150
v -3.0000 0.2600 -0.0150
v 3.0000 0.2600 -0.0150
v 3.0000 0.3400 -0.0150
v -3.0000 0.3400 -0.0150
v -3.0000 1.3100 0.0150
v 3.0000 1.3100 0.0150
v 3.0000 1.3900 0.0150
v -3.0000 1.3900 0.0150
v -3.0000 1.3100 -0.0150
v 3.0000 1.3100 -0.0150
v 3.0000 1.3900 -0.0150
v -3.0000 1.3900 -0.0150
v -2.9150 0.0500 0.0300
v -2.8350 0.0500 0.0300
v -2.8350 1.5500 0.0300
v -2.9150 1.5500 0.0300
v -2.9150 0.0500 -0.0300
v -2.8350 0.0500 -0.0300
v -2.8350 1.5500 -0.0300
v -2.9150 1.5500 -0.0300
v -2.9050 1.5500 0.0300
v -2.8450 1.5500 0.0300
v -2.8450 1.6000 0.0300
v -2.9050 1.6000 0.0300
v -2.9050 1.5500 -0.0300
v -2.8450 1.5500 -0.0300
v -2.8450 1.6000 -0.0300
v -2.9050 1.6000 -0.0300
v -2.6650 0.0500 0.0300
v -2.5850 0.0500 0.0300
v -2.5850 1.5500 0.0300
v -2.6650 1.5500 0.0300
v -2.6650 0.0500 -0.0300
v -2.5850 0.0500 -0.0300
v -2.5850 1.5500 -0.0300
v -2.6650 1.5500 -0.0300
v -2.6550 1.5500 0.0300
v -2.5950 1.5500 0.0300
v -2.5950 1.6000 0.0300
v -2.6550 1.6000 0.0300
v -2.6550 1.5500 -0.0300
v -2.5950 1.5500 -0.0300
v -2.5950 1.6000 -0.0300
v -2.6550 1.6000 -0.0300
v -2.4150 0.0500 0.0300
v -2.3350 0.0500 0.0300
v -2.3350 1.5500 0.0300
v -2.4150 1.5500 0.0300
v -2.4150 0.0500 -0.0300
v -2.3350 0.0500 -0.0300
v -2.3350 1.5500 -0.0300
v -2.4150 1.5500 -0.0300
v -2.4050 1.5500 0.0300
v -2.3450 1.5500 0.0300
v -2.3450 1.6000 0.0300
v -2.4050 1.6000 0.0300
v -2.4050 1.5500 -0.0300
v -2.3450 1.5500 -0.0300
v -2.3450 1.6000 -0.0300
v -2.4050 1.6000 -0.0300
v -2.1650 0.0500 0.0300
v -2.0850 0.0500 0.0300
v -2.0850 1.5500 0.0300
v -2.1650 1.5500 0.0300
v -2.1650 0.0500 -0.0300
v -2.0850 0.0500 -0.0300
v -2.0850 1.5500 -0.0300
v -2.1650 1.5500 -0.0300
v -2.1550 1.5500 0.0300
v -2.0950 1.5500 0.0300
v -2.0950 1.6000 0.0300
v -2.1550 1.6000 0.0300
v -2.1550 1.5500 -0.0300
v -2.0950 1.5500 -0.0300
v -2.0950 1.6000 -0.0300
v -2.1550 1.6000 -0.0300
v -1.9150 0.0500 0.0300
v -1.8350 0.0500 0.0300
v -1.8350 1.5500 0.0300
v -1.9150 1.5500 0.0300
v -1.9150 0.0500 -0.0300
v -1.8350 0.0500 -0.0300
v -1.8350 1.5500 -0.0300
v -1.9150 1.5500 -0.0300
v -1.9050 1.5500 0.0300
v -1.8450 1.5500 0.0300
v -1.8450 1.6000 0.0300
v -1.9050 1.6000 0.0300
v -1.9050 1.5500 -0.0300
v -1.8450 1.5500 -0.0300
v -1.8450 1.6000 -0.0300
v -1.9050 1.6000 -0.0300
v -1.6650 0.0500 0.0300
v -1.5850 0.0500 0.0300
v -1.5850 1.5500 0.0300
v -1.6650 1.5500 0.0300
v -1.6650 0.0500 -0.0300
v -1.5850 0.0500 -0.0300
v -1.5850 1.5500 -0.0300
v -1.6650 1.5500 -0.0300
v -1.6550 1.5500 0.0300
v -1.5950 1.5500 0.0300
v -1.5950 1.6000 0.0300
v -1.6550 1.6000 0.0300
v -1.6550 1.5500 -0.0300
v -1.5950 1.5500 -0.0300
v -1.5950 1.6000 -0.0300
v -1.6550 1.6000 -0.0300
v -1.4150 0.0500 0.0300
v -1.3350 0.0500 0.0300
v -1.3350 1.5500 0.0300
v -1.4150 1.5500 0.0300
v -1.4150 0.0500 -0.0300
v -1.3350 0.0500 -0.0300
v -1.3350 1.5500 -0.0300
v -1.4150 1.5500 -0.0300
v -1.4050 1.5500 0.0300
v -1.3450 1.5500 0.0300
v -1.3450 1.6000 0.0300
v -1.4050 1.6000 0.0300
v -1.4050 1.5500 -0.0300
v -1.3450 1.5500 -0.0300
v -1.3450 1.6000 -0.0300
v -1.4050 1.6000 -0.0300
v -1.1650 0.0500 0.0300
v -1.0850 0.0500 0.0300
v -1.0850 1.5500 0.0300
v -1.1650 1.5500 0.0300
v -1.1650 0.0500 -0.0300
v -1.0850 0.0500 -0.0300
v -1.0850 1.5500 -0.0300
v -1.1650 1.5500 -0.0300
v -1.1550 1.5500 0.0300
v -1.0950 1.5500 0.0300
v -1.0950 1.6000 0.0300
v -1.1550 1.6000 0.0300
v -1.1550 1.5500 -0.0300
v -1.0950 1.5500 -0.0300
v -1.0950 1.6000 -0.0300
v -1.1550 1.6000 -0.0300
v -0.9150 0.0500 0.0300
v -0.8350 0.0500 0.0300
v -0.8350 1.5500 0.0300
v -0.9150 1.5500 0.0300
v -0.9150 0.0500 -0.0300
v -0.8350 0.0500 -0.0300
v -0.8350 1.5500 -0.0300
v -0.9150 1.5500 -0.0300
v -0.9050 1.5500 0.0300
v -0.8450 1.5500 0.0300
v -0.8450 1.6000 0.0300
v -0.9050 1.6000 0.0300
v -0.9050 1.5500 -0.0300
v -0.8450 1.5500 -0.0300
v -0.8450 1.6000 -0.0300
v -0.9050 1.6000 -0.0300
v -0.6650 0.0500 0.0300
v -0.5850 0.0500 0.0300
v -0.5850 1.5500 0.0300
v -0.6650 1.5500 0.0300
v -0.6650 0.0500 -0.0300
v -0.5850 0.0500 -0.0300
v -0.5850 1.5500 -0.0300
v -0.6650 1.5500 -0.0300
v -0.6550 1.5500 0.0300
v -0.5950 1.5500 0.0300
v -0.5950 1.6000 0.0300
v -0.6550 1.6000 0.0300
v -0.6550 1.5500 -0.0300
v -0.5950 1.5500 -0.0300
v -0.5950 1.6000 -0.0300
v -0.6550 1.6000 -0.0300
v -0.4150 0.0500 0.0300
v -0.3350 0.0500 0.0300
v -0.3350 1.5500 0.0300
v -0.4150 1.5500 0.0300
v -0.4150 0.0500 -0.0300
v -0.3350 0.0500 -0.0300
v -0.3350 1.5500 -0.0300
v -0.4150 1.5500 -0.0300
v -0.4050 1.5500 0.0300
v -0.3450 1.5500 0.0300
v -0.3450 1.6000 0.0300
v -0.4050 1.6000 0.0300
v -0.4050 1.5500 -0.0300
v -0.3450 1.5500 -0.0300
v -0.3450 1.6000 -0.0300
v -0.4050 1.6000 -0.0300
v -0.1650 0.0500 0.0300
v -0.0850 0.0500 0.0300
v -0.0850 1.5500 0.0300
v -0.1650 1.5500 0.0300
v -0.1650 0.0500 -0.0300
v -0.0850 0.0500 -0.0300
v -0.0850 1.5500 -0.0300
v -0.1650 1.5500 -0.0300
v -0.1550 1.5500 0.0300
v -0.0950 1.5500 0.0300
v -0.0950 1.6000 0.0300
v -0.1550 1.6000 0.0300
v -0.1550 1.5500 -0.0300
v -0.0950 1.5500 -0.0300
v -0.0950 1.6000 -0.0300
v -0.1550 1.6000 -0.0300
v 0.0850 0.0500 0.0300
v 0.1650 0.0500 0.0300
v 0.1650 1.5500 0.0300
v 0.0850 1.5500 0.0300
v 0.0850 0.0500 -0.0300
v 0.1650 0.0500 -0.0300
v 0.1650 1.5500 -0.0300
v 0.0850 1.5500 -0.0300
v 0.0950 1.5500 0.0300
v 0.1550 1.5500 0.0300
v 0.1550 1.6000 0.0300
v 0.0950 1.6000 0.0300
v 0.0950 1.5500 -0.0300
v 0.1550 1.5500 -0.0300
v 0.1550 1.6000 -0.0300
v 0.0950 1.6000 -0.0300
v 0.3350 0.0500 0.0300
v 0.4150 0.0500 0.0300
v 0.4150 1.5500 0.0300
v 0.3350 1.5500 0.0300
v 0.3350 0.0500 -0.0300
v 0.4150 0.0500 -0.0300
v 0.4150 1.5500 -0.0300
v 0.3350 1.5500 -0.0300
v 0.3450 1.5500 0.0300
v 0.4050 1.5500 0.0300
v 0.4050 1.6000 0.0300
v 0.3450 1.6000 0.0300
v 0.3450 1.5500 -0.0300
v 0.4050 1.5500 -0.0300
v 0.4050 1.6000 -0.0300
v 0.3450 1.6000 -0.0300
v 0.5850 0.0500 0.0300
v 0.6650 0.0500 0.0300
v 0.6650 1.5500 0.0300
v 0.5850 1.5500 0.0300
v 0.5850 0.0500 -0.0300
v 0.6650 0.0500 -0.0300
v 0.6650 1.5500 -0.0300
v 0.5850 1.5500 -0.0300
v 0.5950 1.5500 0.0300
v 0.6550 1.5500 0.0300
v 0.6550 1.6000 0.0300
v 0.5950 1.6000 0.0300
v 0.5950 1.5500 -0.0300
v 0.6550 1.5500 -0.0300
v 0.6550 1.6000 -0.0300
v 0.5950 1.6000 -0.0300
v 0.8350 0.0500 0.0300
v 0.9150 0.0500 0.0300
v 0.9150 1.5500 0.0300
v 0.8350 1.5500 0.0300
v 0.8350 0.0500 -0.0300
v 0.9150 0.0500 -0.0300
v 0.9150 1.5500 -0.0300
v 0.8350 1.5500 -0.0300
v 0.8450 1.5500 0.0300
v 0.9050 1.5500 0.0300
v 0.9050 1.6000 0.0300
v 0.8450 1.6000 0.0300
v 0.8450 1.5500 -0.0300
v 0.9050 1.5500 -0.0300
v 0.9050 1.6000 -0.0300
v 0.8450 1.6000 -0.0300
v 1.0850 0.0500 0.0300
v 1.1650 0.0500 0.0300
v 1.1650 1.5500 0.0300
v 1.0850 1.5500 0.0300
v 1.0850 0.0500 -0.0300
v 1.1650 0.0500 -0.0300
v 1.1650 1.5500 -0.0300
v 1.0850 1.5500 -0.0300
v 1.0950 1.5500 0.0300
v 1.1550 1.5500 0.0300
v 1.1550 1.6000 0.0300
v 1.0950 1.6000 0.0300
v 1.0950 1.5500 -0.0300
v 1.1550 1.5500 -0.0300
v 1.1550 1.6000 -0.0300
v 1.0950 1.6000 -0.0300
v 1.3350 0.0500 0.0300
v 1.4150 0.0500 0.0300
v 1.4150 1.5500 0.0300
v 1.3350 1.5500 0.0300
v 1.3350 0.0500 -0.0300
v 1.4150 0.0500 -0.0300
v 1.4150 1.5500 -0.0300
v 1.3350 1.5500 -0.0300
v 1.3450 1.5500 0.0300
v 1.4050 1.5500 0.0300
v 1.4050 1.6000 0.0300
v 1.3450 1.6000 0.0300
v 1.3450 1.5500 -0.0300
v 1.4050 1.5500 -0.0300
v 1.4050 1.6000 -0.0300
v 1.3450 1.6000 -0.0300
v 1.5850 0.0500 0.0300
v 1.6650 0.0500 0.0300
v 1.6650 1.5500 0.0300
v 1.5850 1.5500 0.0300
v 1.5850 0.0500 -0.0300
v 1.6650 0.0500 -0.0300
v 1.6650 1.5500 -0.0300
v 1.5850 1.5500 -0.0300
v 1.5950 1.5500 0.0300
v 1.6550 1.5500 0.0300
v 1.6550 1.6000 0.0300
v 1.5950 1.6000 0.0300
v 1.5950 1.5500 -0.0300
v 1.6550 1.5500 -0.0300
v 1.6550 1.6000 -0.0300
v 1.5950 1.6000 -0.0300
v 1.8350 0.0500 0.0300
v 1.9150 0.0500 0.0300
v 1.9150 1.5500 0.0300
v 1.8350 1.5500 0.0300
v 1.8350 0.0500 -0.0300
v 1.9150 0.0500 -0.0300
v 1.9150 1.5500 -0.0300
v 1.8350 1.5500 -0.0300
v 1.8450 1.5500 0.0300
v 1.9050 1.5500 0.0300
v 1.9050 1.6000 0.0300
v 1.8450 1.6000 0.0300
v 1.8450 1.5500 -0.0300
v 1.9050 1.5500 -0.0300
v 1.9050 1.6000 -0.0300
v 1.8450 1.6000 -0.0300
v 2.0850 0.0500 0.0300
v 2.1650 0.0500 0.0300
v 2.1650 1.5500 0.0300
v 2.0850 1.5500 0.0300
v 2.0850 0.0500 -0.0300
v 2.1650 0.0500 -0.0300
v 2.1650 1.5500 -0.0300
v 2.0850 1.5500 -0.0300
v 2.0950 1.5500 0.0300
v 2.1550 1.5500 0.0300
v 2.1550 1.6000 0.0300
v 2.0950 1.6000 0.0300
v 2.0950 1.5500 -0.0300
v 2.1550 1.5500 -0.0300
v 2.1550 1.6000 -0.0300
v 2.0950 1.6000 -0.0300
v 2.3350 0.0500 0.0300
v 2.4150 0.0500 0.0300
v 2.4150 1.5500 0.0300
v 2.3350 1.5500 0.0300
v 2.3350 0.0500 -0.0300
v 2.4150 0.0500 -0.0300
v 2.4150 1.5500 -0.0300
v 2.3350 1.5500 -0.0300
v 2.3450 1.5500 0.0300
v 2.4050 1.5500 0.0300
v 2.4050 1.6000 0.0300
v 2.3450 1.6000 0.0300
v 2.3450 1.5500 -0.0300
v 2.4050 1.5500 -0.0300
v 2.4050 1.6000 -0.0300
v 2.3450 1.6000 -0.0300
v 2.5850 0.0500 0.0300
v 2.6650 0.0500 0.0300
v 2.6650 1.5500 0.0300
v 2.5850 1.5500 0.0300
v 2.5850 0.0500 -0.0300
v 2.6650 0.0500 -0.0300
v 2.6650 1.5500 -0.0300
v 2.5850 1.5500 -0.0300
v 2.5950 1.5500 0.0300
v 2.6550 1.5500 0.0300
v 2.6550 1.6000 0.0300
v 2.5950 1.6000 0.0300
v 2.5950 1.5500 -0.0300
v 2.6550 1.5500 -0.0300
v 2.6550 1.6000 -0.0300
v 2.5950 1.6000 -0.0300
v 2.8350 0.0500 0.0300
v 2.9150 0.0500 0.0300
v 2.9150 1.5500 0.0300
v 2.8350 1.5500 0.0300
v 2.8350 0.0500 -0.0300
v 2.9150 0.0500 -0.0300
v 2.9150 1.5500 -0.0300
v 2.8350 1.5500 -0.0300
v 2.8450 1.5500 0.0300
v 2.9050 1.5500 0.0300
v 2.9050 1.6000 0.0300
v 2.8450 1.6000 0.0300
v 2.8450 1.5500 -0.0300
v 2.9050 1.5500 -0.0300
v 2.9050 1.6000 -0.0300
v 2.8450 1.6000 -0.0300

f 1 2 3 4 color 0.4959 0.3159 0.1759
f 6 5 8 7 color 0.4463 0.2843 0.1583
f 4 3 7 8 color 0.5207 0.3317 0.1847
f 5 6 2 1 color 0.4215 0.2685 0.1495
f 2 6 7 3 color 0.4711 0.3001 0.1671
f 5 1 4 8 color 0.4562 0.2906 0.1618
f 9 10 11 12 color 0.6003 0.4003 0.2203
f 14 13 16 15 color 0.5402 0.3602 0.1982
f 12 11 15 16 color 0.6303 0.4203 0.2313
f 13 14 10 9 color 0.5102 0.3402 0.1872
f 10 14 15 11 color 0.5702 0.3802 0.2092
f 13 9 12 16 color 0.5522 0.3682 0.2026
f 17 18 19 20 color 0.4629 0.2929 0.1629
f 22 21 24 23 color 0.4166 0.2636 0.1466
f 20 19 23 24 color 0.4860 0.3075 0.1710
f 21 22 18 17 color 0.3935 0.2490 0.1385
f 18 22 23 19 color 0.4397 0.2782 0.1547
f 21 17 20 24 color 0.4259 0.2695 0.1499
f 25 26 27 28 color 0.5389 0.3589 0.1989
f 30 29 32 31 color 0.4850 0.3230 0.1790
f 28 27 31 32 color 0.5658 0.3768 0.2088
f 29 30 26 25 color 0.4580 0.3050 0.1690
f 26 30 31 27 color 0.5119 0.3409 0.1889
f 29 25 28 32 color 0.4958 0.3302 0.1830
f 33 34 35 36 color 0.5275 0.3475 0.1855
f 38 37 40 39 color 0.4747 0.3127 0.1669
f 36 35 39 40 color 0.5539 0.3649 0.1948
f 37 38 34 33 color 0.4484 0.2954 0.1577
f 34 38 39 35 color 0.5011 0.3301 0.1762
f 37 33 36 40 color 0.4853 0.3197 0.1706
f 41 42 43 44 color 0.3694 0.2164 0.0994
f 46 45 48 47 color 0.3325 0.1948 0.0895
f 44 43 47 48 color 0.3879 0.2272 0.1044
f 45 46 42 41 color 0.3140 0.1839 0.0845
f 42 46 47 43 color 0.3509 0.2056 0.0944
f 45 41 44 48 color 0.3398 0.1991 0.0914
f 49 50 51 52 color 0.5664 0.3764 0.2064
f 54 53 56 55 color 0.5098 0.3388 0.1858
f 52 51 55 56 color 0.5948 0.3953 0.2168
f 53 54 50 49 color 0.4815 0.3200 0.1755
f 50 54 55 51 color 0.5381 0.3576 0.1961
f 53 49 52 56 color 0.5211 0.3463 0.1899
f 57 58 59 60 color 0.5516 0.3521 0.1736
f 62 61 64 63 color 0.4964 0.3169 0.1562
f 60 59 63 64 color 0.5792 0.3697 0.1823
f 61 62 58 57 color 0.4688 0.2993 0.1475
f 58 62 63 59 color 0.5240 0.3345 0.1649
f 61 57 60 64 color 0.5075 0.3239 0.1597
f 65 66 67 68 color 0.5322 0.3422 0.1722
f 70 69 72 71 color 0.4789 0.3079 0.1549
f 68 67 71 72 color 0.5588 0.3593 0.1808
f 69 70 66 65 color 0.4523 0.2908 0.1463
f 66 70 71 67 color 0.5055 0.3250 0.1635
f 69 65 68 72 color 0.4896 0.3148 0.1584
f 73 74 75 76 color 0.5658 0.3663 0.1878
f 78 77 80 79 color 0.5092 0.3297 0.1690
f 76 75 79 80 color 0.5941 0.3846 0.1972
f 77 78 74 73 color 0.4810 0.3114 0.1597
f 74 78 79 75 color 0.5375 0.3480 0.1784
f 77 73 76 80 color 0.5206 0.3370 0.1728
f 81 82 83 84 color 0.5943 0.3943 0.2143
f 86 85 88 87 color 0.5349 0.3549 0.1929
f 84 83 87 88 color 0.6240 0.4140 0.2250
f 85 86 82 81 color 0.5052 0.3352 0.1822
f 82 86 87 83 color 0.5646 0.3746 0.2036
f 85 81 84 88 color 0.5468 0.3628 0.1972
f 89 90 91 92 color 0.6150 0.4050 0.2160
f 94 93 96 95 color 0.5535 0.3645 0.1944
f 92 91 95 96 color 0.6458 0.4253 0.2268
f 93 94 90 89 color 0.5228 0.3443 0.1836
f 90 94 95 91 color 0.5843 0.3848 0.2052
f 93 89 92 96 color 0.5658 0.3726 0.1987
f 97 98 99 100 color 0.4761 0.2961 0.1561
f 102 101 104 103 color 0.4285 0.2665 0.1405
f 100 99 103 104 color 0.4999 0.3109 0.1639
f 101 102 98 97 color 0.4047 0.2517 0.1327
f 98 102 103 99 color 0.4523 0.2813 0.1483
f 101 97 100 104 color 0.4380 0.2724 0.1436
f 105 106 107 108 color 0.4786 0.2896 0.1426
f 110 109 112 111 color 0.4307 0.2606 0.1283
f 108 107 111 112 color 0.5025 0.3040 0.1497
f 109 110 106 105 color 0.4068 0.2461 0.1212
f 106 110 111 107 color 0.4546 0.2751 0.1354
f 109 105 108 112 color 0.4403 0.2664 0.1312
f 113 114 115 116 color 0.4569 0.2769 0.1369
f 118 117 120 119 color 0.4112 0.2492 0.1232
f 116 115 119 120 color 0.4797 0.2907 0.1437
f 117 118 114 113 color 0.3884 0.2354 0.1164
f 114 118 119 115 color 0.4340 0.2630 0.1300
f 117 113 116 120 color 0.4203 0.2547 0.1259
f 121 122 123 124 color 0.5117 0.3227 0.1757
f 126 125 128 127 color 0.4606 0.2905 0.1582
f 124 123 127 128 color 0.5373 0.3389 0.1845
f 125 126 122 121 color 0.4350 0.2743 0.1494
f 122 126 127 123 color 0.4862 0.3066 0.1670
f 125 121 124 128 color 0.4708 0.2969 0.1617
f 129 130 131 132 color 0.4764 0.3064 0.1764
f 134 133 136 135 color 0.4288 0.2758 0.1588
f 132 131 135 136 color 0.5002 0.3217 0.1852
f 133 134 130 129 color 0.4049 0.2604 0.1499
f 130 134 135 131 color 0.4526 0.2911 0.1676
f 133 129 132 136 color 0.4383 0.2819 0.1623
f 137 138 139 140 color 0.4792 0.3007 0.1642
f 142 141 144 143 color 0.4312 0.2706 0.1477
f 140 139 143 144 color 0.5031 0.3157 0.1724
f 141 142 138 137 color 0.4073 0.2556 0.1395
f 138 142 143 139 color 0.4552 0.2856 0.1560
f 141 137 140 144 color 0.4408 0.2766 0.1510
f 145 146 147 148 color 0.4769 0.3069 0.1769
f 150 149 152 151 color 0.4292 0.2762 0.1592
f 148 147 151 152 color 0.5008 0.3223 0.1858
f 149 150 146 145 color 0.4054 0.2609 0.1504
f 146 150 151 147 color 0.4531 0.2916 0.1681
f 149 145 148 152 color 0.4388 0.2824 0.1628
f 153 154 155 156 color 0.4365 0.2580 0.1215
f 158 157 160 159 color 0.3928 0.2322 0.1093
f 156 155 159 160 color 0.4583 0.2709 0.1275
f 157 158 154 153 color 0.3710 0.2193 0.1032
f 154 158 159 155 color 0.4146 0.2451 0.1154
f 157 153 156 160 color 0.4016 0.2373 0.1118
f 161 162 163 164 color 0.5601 0.3701 0.2001
f 166 165 168 167 color 0.5041 0.3331 0.1801
f 164 163 167 168 color 0.5881 0.3886 0.2101
f 165 166 162 161 color 0.4761 0.3146 0.1701
f 162 166 167 163 color 0.5321 0.3516 0.1901
f 165 161 164 168 color 0.5153 0.3405 0.1841
f 169 170 171 172 color 0.6036 0.4041 0.2256
f 174 173 176 175 color 0.5433 0.3637 0.2031
f 172 171 175 176 color 0.6338 0.4243 0.2369
f 173 174 170 169 color 0.5131 0.3435 0.1918
f 170 174 175 171 color 0.5735 0.3839 0.2144
f 173 169 172 176 color 0.5553 0.3718 0.2076
f 177 178 179 180 color 0.4304 0.2604 0.1304
f 182 181 184 183 color 0.3874 0.2344 0.1174
f 180 179 183 184 color 0.4520 0.2735 0.1370
f 181 182 178 177 color 0.3659 0.2214 0.1109
f 178 182 183 179 color 0.4089 0.2474 0.1239
f 181 177 180 184 color 0.3960 0.2396 0.1200
f 185 186 187 188 color 0.5062 0.3277 0.1912
f 190 189 192 191 color 0.4556 0.2949 0.1721
f 188 187 191 192 color 0.5315 0.3441 0.2008
f 189 190 186 185 color 0.4303 0.2785 0.1625
f 186 190 191 187 color 0.4809 0.3113 0.1816
f 189 185 188 192 color 0.4657 0.3015 0.1759
f 193 194 195 196 color 0.4863 0.3063 0.1463
f 198 197 200 199 color 0.4377 0.2757 0.1317
f 196 195 199 200 color 0.5106 0.3216 0.1536
f 197 198 194 193 color 0.4133 0.2603 0.1243
f 194 198 199 195 color 0.4620 0.2910 0.1390
f 197 193 196 200 color 0.4474 0.2818 0.1346
f 201 202 203 204 color 0.5344 0.3454 0.1774
f 206 205 208 207 color 0.4809 0.3108 0.1596
f 204 203 207 208 color 0.5611 0.3627 0.1863
f 205 206 202 201 color 0.4542 0.2936 0.1508
f 202 206 207 203 color 0.5077 0.3281 0.1685
f 205 201 204 208 color 0.4916 0.3178 0.1632
f 209 210 211 212 color 0.5120 0.3220 0.1520
f 214 213 216 215 color 0.4608 0.2898 0.1368
f 212 211 215 216 color 0.5376 0.3381 0.1596
f 213 214 210 209 color 0.4352 0.2737 0.1292
f 210 214 215 211 color 0.4864 0.3059 0.1444
f 213 209 212 216 color 0.4710 0.2962 0.1398
f 217 218 219 220 color 0.5917 0.3922 0.2137
f 222 221 224 223 color 0.5325 0.3529 0.1923
f 220 219 223 224 color 0.6212 0.4118 0.2243
f 221 222 218 217 color 0.5029 0.3333 0.1816
f 218 222 223 219 color 0.5621 0.3725 0.2030
f 221 217 220 224 color 0.5443 0.3608 0.1966
f 225 226 227 228 color 0.4843 0.3043 0.1643
f 230 229 232 231 color 0.4358 0.2738 0.1478
f 228 227 231 232 color 0.5085 0.3195 0.1725
f 229 230 226 225 color 0.4116 0.2586 0.1396
f 226 230 231 227 color 0.4601 0.2891 0.1561
f 229 225 228 232 color 0.4455 0.2799 0.1511
f 233 234 235 236 color 0.4734 0.2844 0.1374
f 238 237 240 239 color 0.4261 0.2560 0.1237
f 236 235 239 240 color 0.4971 0.2986 0.1443
f 237 238 234 233 color 0.4024 0.2418 0.1168
f 234 238 239 235 color 0.4498 0.2702 0.1306
f 237 233 236 240 color 0.4355 0.2617 0.1264
f 241 242 243 244 color 0.4127 0.2427 0.1127
f 246 245 248 247 color 0.3714 0.2184 0.1014
f 244 243 247 248 color 0.4333 0.2548 0.1183
f 245 246 242 241 color 0.3508 0.2063 0.0958
f 242 246 247 243 color 0.3920 0.2305 0.1070
f 245 241 244 248 color 0.3796 0.2232 0.1036
f 249 250 251 252 color 0.4724 0.2939 0.1574
f 254 253 256 255 color 0.4252 0.2645 0.1417
f 252 251 255 256 color 0.4961 0.3086 0.1653
f 253 254 250 249 color 0.4016 0.2499 0.1338
f 250 254 255 251 color 0.4488 0.2792 0.1496
f 253 249 252 256 color 0.4346 0.2704 0.1448
f 257 258 259 260 color 0.4805 0.3005 0.1605
f 262 261 264 263 color 0.4325 0.2705 0.1445
f 260 259 263 264 color 0.5045 0.3155 0.1685
f 261 262 258 257 color 0.4084 0.2554 0.1364
f 258 262 263 259 color 0.4565 0.2855 0.1525
f 261 257 260 264 color 0.4421 0.2765 0.1477
f 265 266 267 268 color 0.5324 0.3434 0.1964
f 270 269 272 271 color 0.4792 0.3091 0.1768
f 268 267 271 272 color 0.5591 0.3606 0.2063
f 269 270 266 265 color 0.4526 0.2919 0.1670
f 266 270 271 267 color 0.5058 0.3263 0.1866
f 269 265 268 272 color 0.4898 0.3160 0.1807
f 273 274 275 276 color 0.4334 0.2634 0.1334
f 278 277 280 279 color 0.3901 0.2371 0.1201
f 276 275 279 280 color 0.4551 0.2766 0.1401
f 277 278 274 273 color 0.3684 0.2239 0.1134
f 274 278 279 275 color 0.4118 0.2503 0.1268
f 277 273 276 280 color 0.3988 0.2424 0.1228
f 281 282 283 284 color 0.5027 0.3242 0.1877
f 286 285 288 287 color 0.4524 0.2918 0.1689
f 284 283 287 288 color 0.5278 0.3404 0.1971
f 285 286 282 281 color 0.4273 0.2756 0.1595
f 282 286 287 283 color 0.4776 0.3080 0.1783
f 285 281 284 288 color 0.4625 0.2983 0.1727
f 289 290 291 292 color 0.4956 0.3156 0.1756
f 294 293 296 295 color 0.4461 0.2841 0.1581
f 292 291 295 296 color 0.5204 0.3314 0.1844
f 293 294 290 289 color 0.4213 0.2683 0.1493
f 290 294 295 291 color 0.4709 0.2999 0.1669
f 293 289 292 296 color 0.4560 0.2904 0.1616
f 297 298 299 300 color 0.5159 0.3269 0.1799
f 302 301 304 303 color 0.4643 0.2942 0.1619
f 300 299 303 304 color 0.5417 0.3433 0.1889
f 301 302 298 297 color 0.4385 0.2779 0.1529
f 298 302 303 299 color 0.4901 0.3106 0.1709
f 301 297 300 304 color 0.4746 0.3008 0.1655
f 305 306 307 308 color 0.5108 0.3208 0.1508
f 310 309 312 311 color 0.4598 0.2888 0.1358
f 308 307 311 312 color 0.5364 0.3369 0.1584
f 309 310 306 305 color 0.4342 0.2727 0.1282
f 306 310 311 307 color 0.4853 0.3048 0.1433
f 309 305 308 312 color 0.4700 0.2952 0.1388
f 313 314 315 316 color 0.5418 0.3423 0.1638
f 318 317 320 319 color 0.4876 0.3081 0.1474
f 316 315 319 320 color 0.5689 0.3594 0.1720
f 317 318 314 313 color 0.4605 0.2910 0.1392
f 314 318 319 315 color 0.5147 0.3252 0.1556
f 317 313 316 320 color 0.4985 0.3149 0.1507
f 321 322 323 324 color 0.4724 0.2924 0.1524
f 326 325 328 327 color 0.4252 0.2632 0.1372
f 324 323 327 328 color 0.4960 0.3070 0.1600
f 325 326 322 321 color 0.4015 0.2485 0.1295
f 322 326 327 323 color 0.4488 0.2778 0.1448
f 325 321 324 328 color 0.4346 0.2690 0.1402
f 329 330 331 332 color 0.5408 0.3518 0.2048
f 334 333 336 335 color 0.4867 0.3166 0.1843
f 332 331 335 336 color 0.5678 0.3694 0.2150
f 333 334 330 329 color 0.4597 0.2990 0.1741
f 330 334 335 331 color 0.5137 0.3342 0.1945
f 333 329 332 336 color 0.4975 0.3236 0.1884
f 337 338 339 340 color 0.5408 0.3508 0.1808
f 342 341 344 343 color 0.4867 0.3157 0.1627
f 340 339 343 344 color 0.5678 0.3683 0.1898
f 341 342 338 337 color 0.4597 0.2982 0.1537
f 338 342 343 339 color 0.5138 0.3333 0.1718
f 341 337 340 344 color 0.4975 0.3227 0.1663
f 345 346 347 348 color 0.5611 0.3616 0.1831
f 350 349 352 351 color 0.5050 0.3254 0.1648
f 348 347 351 352 color 0.5891 0.3797 0.1922
f 349 350 346 345 color 0.4769 0.3073 0.1556
f 346 350 351 347 color 0.5330 0.3435 0.1739
f 349 345 348 352 color 0.5162 0.3327 0.1684
f 353 354 355 356 color 0.5508 0.3708 0.2108
f 358 357 360 359 color 0.4957 0.3337 0.1897
f 356 355 359 360 color 0.5783 0.3893 0.2213
f 357 358 354 353 color 0.4682 0.3152 0.1792
f 354 358 359 355 color 0.5232 0.3522 0.2002
f 357 353 356 360 color 0.5067 0.3411 0.1939
f 361 362 363 364 color 0.5825 0.3935 0.2255
f 366 365 368 367 color 0.5242 0.3541 0.2029
f 364 363 367 368 color 0.6116 0.4132 0.2368
f 365 366 362 361 color 0.4951 0.3345 0.1917
f 362 366 367 363 color 0.5534 0.3738 0.2142
f 365 361 364 368 color 0.5359 0.3620 0.2075
f 369 370 371 372 color 0.6007 0.4007 0.2207
f 374 373 376 375 color 0.5406 0.3606 0.1986
f 372 371 375 376 color 0.6307 0.4207 0.2317
f 373 374 370 369 color 0.5106 0.3406 0.1876
f 370 374 375 371 color 0.5706 0.3806 0.2096
f 373 369 372 376 color 0.5526 0.3686 0.2030
f 377 378 379 380 color 0.5740 0.3640 0.1750
f 382 381 384 383 color 0.5166 0.3276 0.1575
f 380 379 383 384 color 0.6027 0.3822 0.1837
f 381 382 378 377 color 0.4879 0.3094 0.1487
f 378 382 383 379 color 0.5453 0.3458 0.1662
f 381 377 380 384 color 0.5280 0.3348 0.1610
f 385 386 387 388 color 0.5313 0.3513 0.1913
f 390 389 392 391 color 0.4781 0.3161 0.1721
f 388 387 391 392 color 0.5578 0.3688 0.2008
f 389 390 386 385 color 0.4516 0.2986 0.1626
f 386 390 391 387 color 0.5047 0.3337 0.1817
f 389 385 388 392 color 0.4888 0.3232 0.1760
f 393 394 395 396 color 0.5818 0.3928 0.2248
f 398 397 400 399 color 0.5236 0.3535 0.2023
f 396 395 399 400 color 0.6109 0.4124 0.2360
f 397 398 394 393 color 0.4945 0.3339 0.1911
f 394 398 399 395 color 0.5527 0.3731 0.2135
f 397 393 396 400 color 0.5352 0.3613 0.2068
f 401 402 403 404 color 0.4481 0.2681 0.1281
f 406 405 408 407 color 0.4033 0.2413 0.1153
f 404 403 407 408 color 0.4705 0.2815 0.1345
f 405 406 402 401 color 0.3809 0.2279 0.1089
f 402 406 407 403 color 0.4257 0.2547 0.1217
f 405 401 404 408 color 0.4123 0.2467 0.1179
f 409 410 411 412 color 0.4781 0.2891 0.1421
f 414 413 416 415 color 0.4303 0.2602 0.1279
f 412 411 415 416 color 0.5020 0.3035 0.1492
f 413 414 410 409 color 0.4064 0.2457 0.1208
f 410 414 415 411 color 0.4542 0.2746 0.1350
f 413 409 412 416 color 0.4398 0.2660 0.1307
f 417 418 419 420 color 0.4278 0.2578 0.1278
f 422 421 424 423 color 0.3850 0.2320 0.1150
f 420 419 423 424 color 0.4492 0.2707 0.1342
f 421 422 418 417 color 0.3636 0.2191 0.1086
f 418 422 423 419 color 0.4064 0.2449 0.1214
f 421 417 420 424 color 0.3936 0.2372 0.1176
f 425 426 427 428 color 0.4443 0.2658 0.1293
f 430 429 432 431 color 0.3999 0.2392 0.1164
f 428 427 431 432 color 0.4665 0.2791 0.1358
f 429 430 426 425 color 0.3777 0.2259 0.1099
f 426 430 431 427 color 0.4221 0.2525 0.1228
f 429 425 428 432 color 0.4088 0.2445 0.1190
