# fence_stone.txt
v -3.1500 0.0000 0.1250
v -2.8500 0.0000 0.1250
v -2.8500 1.3500 0.1250
v -3.1500 1.3500 0.1250
v -3.1500 0.0000 -0.1250
v -2.8500 0.0000 -0.1250
v -2.8500 1.3500 -0.1250
v -3.1500 1.3500 -0.1250
v -3.1800 1.3000 0.1550
v -2.8200 1.3000 0.1550
v -2.8200 1.4000 0.1550
v -3.1800 1.4000 0.1550
v -3.1800 1.3000 -0.1550
v -2.8200 1.3000 -0.1550
v -2.8200 1.4000 -0.1550
v -3.1800 1.4000 -0.1550
v -0.1500 0.0000 0.1250
v 0.1500 0.0000 0.1250
v 0.1500 1.3500 0.1250
v -0.1500 1.3500 0.1250
v -0.1500 0.0000 -0.1250
v 0.1500 0.0000 -0.1250
v 0.1500 1.3500 -0.1250
v -0.1500 1.3500 -0.1250
v -0.1800 1.3000 0.1550
v 0.1800 1.3000 0.1550
v 0.1800 1.4000 0.1550
v -0.1800 1.4000 0.1550
v -0.1800 1.3000 -0.1550
v 0.1800 1.3000 -0.1550
v 0.1800 1.4000 -0.1550
v -0.1800 1.4000 -0.1550
v 2.8500 0.0000 0.1250
v 3.1500 0.0000 0.1250
v 3.1500 1.3500 0.1250
v 2.8500 1.3500 0.1250
v 2.8500 0.0000 -0.1250
v 3.1500 0.0000 -0.1250
v 3.1500 1.3500 -0.1250
v 2.8500 1.3500 -0.1250
v 2.8200 1.3000 0.1550
v 3.1800 1.3000 0.1550
v 3.1800 1.4000 0.1550
v 2.8200 1.4000 0.1550
v 2.8200 1.3000 -0.1550
v 3.1800 1.3000 -0.1550
v 3.1800 1.4000 -0.1550
v 2.8200 1.4000 -0.1550
v -2.8300 0.0200 0.0600
v -0.1700 0.0200 0.0600
v -0.1700 0.1800 0.0600
v -2.8300 0.1800 0.0600
v -2.8300 0.0200 -0.0600
v -0.1700 0.0200 -0.0600
v -0.1700 0.1800 -0.0600
v -2.8300 0.1800 -0.0600
v 0.1700 0.0200 0.0600
v 2.8300 0.0200 0.0600
v 2.8300 0.1800 0.0600
v 0.1700 0.1800 0.0600
v 0.1700 0.0200 -0.0600
v 2.8300 0.0200 -0.0600
v 2.8300 0.1800 -0.0600
v 0.1700 0.1800 -0.0600
v -2.8300 0.2000 0.0600
v -0.1700 0.2000 0.0600
v -0.1700 0.3600 0.0600
v -2.8300 0.3600 0.0600
v -2.8300 0.2000 -0.0600
v -0.1700 0.2000 -0.0600
v -0.1700 0.3600 -0.0600
v -2.8300 0.3600 -0.0600
v 0.1700 0.2000 0.0600
v 2.8300 0.2000 0.0600
v 2.8300 0.3600 0.0600
v 0.1700 0.3600 0.0600
v 0.1700 0.2000 -0.0600
v 2.8300 0.2000 -0.0600
v 2.8300 0.3600 -0.0600
v 0.1700 0.3600 -0.0600
v -2.8300 0.3800 0.0600
v -0.1700 0.3800 0.0600
v -0.1700 0.5400 0.0600
v -2.8300 0.5400 0.0600
v -2.8300 0.3800 -0.0600
v -0.1700 0.3800 -0.0600
v -0.1700 0.5400 -0.0600
v -2.8300 0.5400 -0.0600
v 0.1700 0.3800 0.0600
v 2.8300 0.3800 0.0600
v 2.8300 0.5400 0.0600
v 0.1700 0.5400 0.0600
v 0.1700 0.3800 -0.0600
v 2.8300 0.3800 -0.0600
v 2.8300 0.5400 -0.0600
v 0.1700 0.5400 -0.0600
v -2.8300 0.5600 0.0600
v -0.1700 0.5600 0.0600
v -0.1700 0.7200 0.0600
v -2.8300 0.7200 0.0600
v -2.8300 0.5600 -0.0600
v -0.1700 0.5600 -0.0600
v -0.1700 0.7200 -0.0600
v -2.8300 0.7200 -0.0600
v 0.1700 0.5600 0.0600
v 2.8300 0.5600 0.0600
v 2.8300 0.7200 0.0600
v 0.1700 0.7200 0.0600
v 0.1700 0.5600 -0.0600
v 2.8300 0.5600 -0.0600
v 2.8300 0.7200 -0.0600
v 0.1700 0.7200 -0.0600
v -2.8300 0.7400 0.0600
v -0.1700 0.7400 0.0600
v -0.1700 0.9000 0.0600
v -2.8300 0.9000 0.0600
v -2.8300 0.7400 -0.0600
v -0.1700 0.7400 -0.0600
v -0.1700 0.9000 -0.0600
v -2.8300 0.9000 -0.0600
v 0.1700 0.7400 0.0600
v 2.8300 0.7400 0.0600
v 2.8300 0.9000 0.0600
v 0.1700 0.9000 0.0600
v 0.1700 0.7400 -0.0600
v 2.8300 0.7400 -0.0600
v 2.8300 0.9000 -0.0600
v 0.1700 0.9000 -0.0600
v -2.8300 0.9200 0.0600
v -0.1700 0.9200 0.0600
v -0.1700 1.0800 0.0600
v -2.8300 1.0800 0.0600
v -2.8300 0.9200 -0.0600
v -0.1700 0.9200 -0.0600
v -0.1700 1.0800 -0.0600
v -2.8300 1.0800 -0.0600
v 0.1700 0.9200 0.0600
v 2.8300 0.9200 0.0600
v 2.8300 1.0800 0.0600
v 0.1700 1.0800 0.0600
v 0.1700 0.9200 -0.0600
v 2.8300 0.9200 -0.0600
v 2.8300 1.0800 -0.0600
v 0.1700 1.0800 -0.0600

f 1 2 3 4 color 0.6082 0.5782 0.5382
f 6 5 8 7 color 0.5474 0.5204 0.4844
f 4 3 7 8 color 0.6386 0.6071 0.5651
f 5 6 2 1 color 0.5170 0.4915 0.4575
f 2 6 7 3 color 0.5778 0.5493 0.5113
f 5 1 4 8 color 0.5596 0.5320 0.4952
f 9 10 11 12 color 0.5217 0.4947 0.4587
f 14 13 16 15 color 0.4695 0.4452 0.4128
f 12 11 15 16 color 0.5478 0.5194 0.4816
f 13 14 10 9 color 0.4434 0.4205 0.3899
f 10 14 15 11 color 0.4956 0.4700 0.4358
f 13 9 12 16 color 0.4800 0.4551 0.4220
f 17 18 19 20 color 0.5028 0.4828 0.4428
f 22 21 24 23 color 0.4525 0.4345 0.3985
f 20 19 23 24 color 0.5280 0.5070 0.4650
f 21 22 18 17 color 0.4274 0.4104 0.3764
f 18 22 23 19 color 0.4777 0.4587 0.4207
f 21 17 20 24 color 0.4626 0.4442 0.4074
f 25 26 27 28 color 0.4442 0.4262 0.3902
f 30 29 32 31 color 0.3997 0.3835 0.3511
f 28 27 31 32 color 0.4664 0.4475 0.4097
f 29 30 26 25 color 0.3775 0.3622 0.3316
f 26 30 31 27 color 0.4219 0.4048 0.3706
f 29 25 28 32 color 0.4086 0.3921 0.3589
f 33 34 35 36 color 0.5714 0.5414 0.5014
f 38 37 40 39 color 0.5143 0.4873 0.4513
f 36 35 39 40 color 0.6000 0.5685 0.5265
f 37 38 34 33 color 0.4857 0.4602 0.4262
f 34 38 39 35 color 0.5429 0.5144 0.4764
f 37 33 36 40 color 0.5257 0.4981 0.4613
f 41 42 43 44 color 0.4591 0.4321 0.3961
f 46 45 48 47 color 0.4132 0.3889 0.3565
f 44 43 47 48 color 0.4821 0.4538 0.4160
f 45 46 42 41 color 0.3903 0.3673 0.3367
f 42 46 47 43 color 0.4362 0.4105 0.3763
f 45 41 44 48 color 0.4224 0.3976 0.3645
f 49 50 51 52 color 0.5351 0.5151 0.4751
f 54 53 56 55 color 0.4816 0.4636 0.4276
f 52 51 55 56 color 0.5619 0.5409 0.4989
f 53 54 50 49 color 0.4549 0.4379 0.4039
f 50 54 55 51 color 0.5084 0.4894 0.4514
f 53 49 52 56 color 0.4923 0.4739 0.4371
f 57 58 59 60 color 0.5849 0.5549 0.5149
f 62 61 64 63 color 0.5265 0.4995 0.4635
f 60 59 63 64 color 0.6142 0.5827 0.5407
f 61 62 58 57 color 0.4972 0.4717 0.4377
f 58 62 63 59 color 0.5557 0.5272 0.4892
f 61 57 60 64 color 0.5382 0.5106 0.4738
f 65 66 67 68 color 0.5109 0.4909 0.4509
f 70 69 72 71 color 0.4598 0.4418 0.4058
f 68 67 71 72 color 0.5365 0.5155 0.4735
f 69 70 66 65 color 0.4343 0.4173 0.3833
f 66 70 71 67 color 0.4854 0.4664 0.4284
f 69 65 68 72 color 0.4700 0.4516 0.4148
f 73 74 75 76 color 0.4454 0.4154 0.3654
f 78 77 80 79 color 0.4009 0.3739 0.3289
f 76 75 79 80 color 0.4677 0.4362 0.3837
f 77 78 74 73 color 0.3786 0.3531 0.3106
f 74 78 79 75 color 0.4231 0.3946 0.3471
f 77 73 76 80 color 0.4098 0.3822 0.3362
f 81 82 83 84 color 0.4822 0.4522 0.4022
f 86 85 88 87 color 0.4340 0.4070 0.3620
f 84 83 87 88 color 0.5064 0.4749 0.4224
f 85 86 82 81 color 0.4099 0.3844 0.3419
f 82 86 87 83 color 0.4581 0.4296 0.3821
f 85 81 84 88 color 0.4437 0.4161 0.3701
f 89 90 91 92 color 0.4458 0.4158 0.3658
f 94 93 96 95 color 0.4012 0.3742 0.3292
f 92 91 95 96 color 0.4681 0.4366 0.3841
f 93 94 90 89 color 0.3789 0.3534 0.3109
f 90 94 95 91 color 0.4235 0.3950 0.3475
f 93 89 92 96 color 0.4101 0.3825 0.3365
f 97 98 99 100 color 0.6158 0.5858 0.5458
f 102 101 104 103 color 0.5542 0.5272 0.4912
f 100 99 103 104 color 0.6466 0.6151 0.5731
f 101 102 98 97 color 0.5234 0.4979 0.4639
f 98 102 103 99 color 0.5850 0.5565 0.5185
f 101 97 100 104 color 0.5665 0.5389 0.5021
f 105 106 107 108 color 0.5678 0.5378 0.4978
f 110 109 112 111 color 0.5110 0.4840 0.4480
f 108 107 111 112 color 0.5962 0.5647 0.5227
f 109 110 106 105 color 0.4826 0.4571 0.4231
f 106 110 111 107 color 0.5394 0.5109 0.4729
f 109 105 108 112 color 0.5224 0.4948 0.4580
f 113 114 115 116 color 0.4458 0.4158 0.3658
f 118 117 120 119 color 0.4013 0.3743 0.3293
f 116 115 119 120 color 0.4681 0.4366 0.3841
f 117 118 114 113 color 0.3790 0.3535 0.3110
f 114 118 119 115 color 0.4236 0.3951 0.3476
f 117 113 116 120 color 0.4102 0.3826 0.3366
f 121 122 123 124 color 0.5745 0.5445 0.5045
f 126 125 128 127 color 0.5170 0.4900 0.4540
f 124 123 127 128 color 0.6032 0.5717 0.5297
f 125 126 122 121 color 0.4883 0.4628 0.4288
f 122 126 127 123 color 0.5457 0.5172 0.4792
f 125 121 124 128 color 0.5285 0.5009 0.4641
f 129 130 131 132 color 0.5194 0.4894 0.4394
f 134 133 136 135 color 0.4675 0.4405 0.3955
f 132 131 135 136 color 0.5454 0.5139 0.4614
f 133 134 130 129 color 0.4415 0.4160 0.3735
f 130 134 135 131 color 0.4935 0.4650 0.4175
f 133 129 132 136 color 0.4779 0.4503 0.4043
f 137 138 139 140 color 0.5060 0.4760 0.4260
f 142 141 144 143 color 0.4554 0.4284 0.3834
f 140 139 143 144 color 0.5313 0.4998 0.4473
f 141 142 138 137 color 0.4301 0.4046 0.3621
f 138 142 143 139 color 0.4807 0.4522 0.4047
f 141 137 140 144 color 0.4655 0.4379 0.3919
