# for2.txt
v -0.5000 0.0000 -0.5000
v 0.5000 0.0000 -0.5000
v 0.5000 1.0000 -0.5000
v -0.5000 1.0000 -0.5000
v -0.5000 0.0000 0.5000
v 0.5000 0.0000 0.5000
v 0.5000 1.0000 0.5000
v -0.5000 1.0000 0.5000
v -1.8764 0.6053 -0.2167
v -0.8991 0.9948 0.1616
v -1.7245 1.3999 0.5550

f 1 2 3 4 color 0.900 0.200 0.100 textured patron.png
f 5 6 7 8 color 0.100 0.600 0.100
f 1 5 8 4 color 0.100 0.100 0.700
f 2 6 7 3 color 0.700 0.600 0.100
f 4 3 7 8 color 0.600 0.100 0.600
f 1 2 6 5 color 0.100 0.600 0.600
f 9 10 11 color 0.900 0.200 0.100