# keys.txt (x0.5)
v -0.2500 0.0000 -0.2500
v 0.2500 0.0000 -0.2500
v 0.2500 0.5000 -0.2500
v -0.2500 0.5000 -0.2500
v -0.2500 0.0000 -0.1000
v 0.2500 0.0000 -0.1000
v 0.2500 0.5000 -0.1000
v -0.2500 0.5000 -0.1000
v 0.2500 0.2000 -0.2500
v 1.2500 0.2000 -0.2500
v 1.2500 0.3500 -0.2500
v 0.2500 0.3500 -0.2500
v 0.2500 0.2000 -0.1000
v 1.2500 0.2000 -0.1000
v 1.2500 0.3500 -0.1000
v 0.2500 0.3500 -0.1000
v 0.8500 -0.0333 -0.1667
v 0.9000 0.2167 -0.1667
v 0.7000 0.2167 -0.1667
v 1.0000 -0.0333 -0.1667
v 1.1500 0.2167 -0.1667
v 1.0000 0.2167 -0.1667

f 1 2 3 4 color 1.000 1.000 0.000
f 5 6 7 8 color 1.000 1.000 0.000
f 1 5 8 4 color 0.800 0.800 0.000
f 2 6 7 3 color 0.700 0.600 0.100
f 4 3 7 8 color 1.000 0.840 0.000
f 1 2 6 5 color 0.930 0.730 0.250
f 9 10 11 12 color 1.000 0.840 0.000
f 13 14 15 16 color 0.950 0.950 0.200
f 10 14 15 11 color 0.700 0.600 0.100
f 12 11 15 16 color 1.000 0.840 0.000
f 9 10 14 13 color 1.000 1.000 0.000
f 17 18 19 color 1.000 0.840 0.000
f 20 21 22 color 1.000 0.840 0.000
