# metch.txt
v -0.0200 0.3000 0.0000
v 0.0200 0.3000 0.0000
v 0.0200 0.8500 0.0000
v 0.0000 0.9000 0.0000
v -0.0200 0.8500 0.0000
v -0.0200 0.3000 0.0100
v -0.0200 0.8500 0.0100
v 0.0000 0.9000 0.0100
v 0.0200 0.8500 0.0100
v 0.0200 0.3000 0.0100
v -0.1000 0.2700 0.0000
v 0.1000 0.2700 0.0000
v 0.1000 0.2700 0.0100
v -0.1000 0.2700 0.0100
v 0.0000 0.5000 0.0100
v -0.0200 0.4500 0.0100
v -0.1000 0.3000 0.0000
v 0.1000 0.3000 0.0000
v 0.1000 0.3000 0.0100
v -0.1000 0.3000 0.0100
v -0.0250 0.2700 0.0000
v 0.0250 0.2700 0.0000
v -0.0250 0.0000 0.0000
v -0.0250 0.0000 0.0100
v 0.0250 0.0000 0.0000
v 0.0250 0.0000 0.0100
v 0.0250 0.2700 0.0100
v -0.0250 0.2700 0.0100
v -0.0350 0.3000 0.0000
v 0.0350 0.3000 0.0000
v -0.0350 0.2700 0.0000
v -0.0350 0.2700 0.0100
v 0.0350 0.2700 0.0000
v 0.0350 0.2700 0.0100

f 1 2 3 4 5 color 0.800 0.820 0.850
f 5 4 3 2 1 color 0.800 0.820 0.850
f 6 7 8 9 10 color 0.750 0.770 0.800
f 10 9 8 7 6 color 0.750 0.770 0.800
f 1 5 7 6 color 0.780 0.800 0.830
f 6 7 5 1 color 0.780 0.800 0.830
f 2 10 9 3 color 0.780 0.800 0.830
f 3 9 10 2 color 0.780 0.800 0.830
f 3 9 8 4 color 0.820 0.840 0.870
f 4 8 9 3 color 0.820 0.840 0.870
f 1 6 10 2 color 0.760 0.780 0.810
f 2 10 6 1 color 0.760 0.780 0.810
f 11 12 13 14 color 0.680 0.530 0.140
f 14 13 12 11 color 0.680 0.530 0.140
f 15 16 11 12 color 0.780 0.630 0.200
f 13 14 17 18 color 0.650 0.500 0.130
f 19 20 21 22 color 0.450 0.250 0.100
f 22 21 20 19 color 0.450 0.250 0.100
f 20 23 24 21 color 0.500 0.280 0.120
f 21 24 23 20 color 0.500 0.280 0.120
f 23 25 26 24 color 0.480 0.270 0.110
f 24 26 25 23 color 0.480 0.270 0.110
f 25 19 22 26 color 0.430 0.240 0.090
f 26 22 19 25 color 0.430 0.240 0.090
f 19 20 23 25 color 0.520 0.300 0.130
f 25 23 20 19 color 0.520 0.300 0.130
f 22 21 24 26 color 0.420 0.230 0.080
f 26 24 21 22 color 0.420 0.230 0.080
f 27 28 29 30 color 0.700 0.550 0.150
f 30 29 28 27 color 0.700 0.550 0.150
f 28 31 32 29 color 0.750 0.600 0.180
f 29 32 31 28 color 0.750 0.600 0.180
f 31 33 34 32 color 0.680 0.530 0.140
f 32 34 33 31 color 0.680 0.530 0.140
f 33 27 30 34 color 0.720 0.570 0.160
f 34 30 27 33 color 0.720 0.570 0.160
f 27 28 31 33 color 0.780 0.630 0.200
f 33 31 28 27 color 0.780 0.630 0.200
f 30 29 32 34 color 0.650 0.500 0.130
f 34 32 29 30 color 0.650 0.500 0.130