# wall.txt - brick wall
v -6.0000 0.0000 0.3000
v -5.0000 0.0000 0.3000
v -5.0000 0.5000 0.3000
v -6.0000 0.5000 0.3000
v -6.0000 0.0000 0.0000
v -6.0000 0.5000 0.0000
v -5.0000 0.5000 0.0000
v -5.0000 0.0000 0.0000
v -6.0000 0.5000 0.0000
v -6.0000 0.5000 0.3000
v -5.0000 0.5000 0.3000
v -5.0000 0.5000 0.0000
v -6.0000 0.0000 0.0000
v -5.0000 0.0000 0.0000
v -5.0000 0.0000 0.3000
v -6.0000 0.0000 0.3000
v -6.0000 0.0000 0.0000
v -6.0000 0.0000 0.3000
v -6.0000 0.5000 0.3000
v -6.0000 0.5000 0.0000
v -5.0000 0.0000 0.0000
v -5.0000 0.5000 0.0000
v -5.0000 0.5000 0.3000
v -5.0000 0.0000 0.3000
v -4.9200 0.0000 0.3000
v -3.9200 0.0000 0.3000
v -3.9200 0.5000 0.3000
v -4.9200 0.5000 0.3000
v -4.9200 0.0000 0.0000
v -4.9200 0.5000 0.0000
v -3.9200 0.5000 0.0000
v -3.9200 0.0000 0.0000
v -4.9200 0.5000 0.0000
v -4.9200 0.5000 0.3000
v -3.9200 0.5000 0.3000
v -3.9200 0.5000 0.0000
v -4.9200 0.0000 0.0000
v -3.9200 0.0000 0.0000
v -3.9200 0.0000 0.3000
v -4.9200 0.0000 0.3000
v -4.9200 0.0000 0.0000
v -4.9200 0.0000 0.3000
v -4.9200 0.5000 0.3000
v -4.9200 0.5000 0.0000
v -3.9200 0.0000 0.0000
v -3.9200 0.5000 0.0000
v -3.9200 0.5000 0.3000
v -3.9200 0.0000 0.3000
v -3.8400 0.0000 0.3000
v -2.8400 0.0000 0.3000
v -2.8400 0.5000 0.3000
v -3.8400 0.5000 0.3000
v -3.8400 0.0000 0.0000
v -3.8400 0.5000 0.0000
v -2.8400 0.5000 0.0000
v -2.8400 0.0000 0.0000
v -3.8400 0.5000 0.0000
v -3.8400 0.5000 0.3000
v -2.8400 0.5000 0.3000
v -2.8400 0.5000 0.0000
v -3.8400 0.0000 0.0000
v -2.8400 0.0000 0.0000
v -2.8400 0.0000 0.3000
v -3.8400 0.0000 0.3000
v -3.8400 0.0000 0.0000
v -3.8400 0.0000 0.3000
v -3.8400 0.5000 0.3000
v -3.8400 0.5000 0.0000
v -2.8400 0.0000 0.0000
v -2.8400 0.5000 0.0000
v -2.8400 0.5000 0.3000
v -2.8400 0.0000 0.3000
v -2.7600 0.0000 0.3000
v -1.7600 0.0000 0.3000
v -1.7600 0.5000 0.3000
v -2.7600 0.5000 0.3000
v -2.7600 0.0000 0.0000
v -2.7600 0.5000 0.0000
v -1.7600 0.5000 0.0000
v -1.7600 0.0000 0.0000
v -2.7600 0.5000 0.0000
v -2.7600 0.5000 0.3000
v -1.7600 0.5000 0.3000
v -1.7600 0.5000 0.0000
v -2.7600 0.0000 0.0000
v -1.7600 0.0000 0.0000
v -1.7600 0.0000 0.3000
v -2.7600 0.0000 0.3000
v -2.7600 0.0000 0.0000
v -2.7600 0.0000 0.3000
v -2.7600 0.5000 0.3000
v -2.7600 0.5000 0.0000
v -1.7600 0.0000 0.0000
v -1.7600 0.5000 0.0000
v -1.7600 0.5000 0.3000
v -1.7600 0.0000 0.3000
v -1.6800 0.0000 0.3000
v -0.6800 0.0000 0.3000
v -0.6800 0.5000 0.3000
v -1.6800 0.5000 0.3000
v -1.6800 0.0000 0.0000
v -1.6800 0.5000 0.0000
v -0.6800 0.5000 0.0000
v -0.6800 0.0000 0.0000
v -1.6800 0.5000 0.0000
v -1.6800 0.5000 0.3000
v -0.6800 0.5000 0.3000
v -0.6800 0.5000 0.0000
v -1.6800 0.0000 0.0000
v -0.6800 0.0000 0.0000
v -0.6800 0.0000 0.3000
v -1.6800 0.0000 0.3000
v -1.6800 0.0000 0.0000
v -1.6800 0.0000 0.3000
v -1.6800 0.5000 0.3000
v -1.6800 0.5000 0.0000
v -0.6800 0.0000 0.0000
v -0.6800 0.5000 0.0000
v -0.6800 0.5000 0.3000
v -0.6800 0.0000 0.3000
v -0.6000 0.0000 0.3000
v 0.4000 0.0000 0.3000
v 0.4000 0.5000 0.3000
v -0.6000 0.5000 0.3000
v -0.6000 0.0000 0.0000
v -0.6000 0.5000 0.0000
v 0.4000 0.5000 0.0000
v 0.4000 0.0000 0.0000
v -0.6000 0.5000 0.0000
v -0.6000 0.5000 0.3000
v 0.4000 0.5000 0.3000
v 0.4000 0.5000 0.0000
v -0.6000 0.0000 0.0000
v 0.4000 0.0000 0.0000
v 0.4000 0.0000 0.3000
v -0.6000 0.0000 0.3000
v -0.6000 0.0000 0.0000
v -0.6000 0.0000 0.3000
v -0.6000 0.5000 0.3000
v -0.6000 0.5000 0.0000
v 0.4000 0.0000 0.0000
v 0.4000 0.5000 0.0000
v 0.4000 0.5000 0.3000
v 0.4000 0.0000 0.3000
v 0.4800 0.0000 0.3000
v 1.4800 0.0000 0.3000
v 1.4800 0.5000 0.3000
v 0.4800 0.5000 0.3000
v 0.4800 0.0000 0.0000
v 0.4800 0.5000 0.0000
v 1.4800 0.5000 0.0000
v 1.4800 0.0000 0.0000
v 0.4800 0.5000 0.0000
v 0.4800 0.5000 0.3000
v 1.4800 0.5000 0.3000
v 1.4800 0.5000 0.0000
v 0.4800 0.0000 0.0000
v 1.4800 0.0000 0.0000
v 1.4800 0.0000 0.3000
v 0.4800 0.0000 0.3000
v 0.4800 0.0000 0.0000
v 0.4800 0.0000 0.3000
v 0.4800 0.5000 0.3000
v 0.4800 0.5000 0.0000
v 1.4800 0.0000 0.0000
v 1.4800 0.5000 0.0000
v 1.4800 0.5000 0.3000
v 1.4800 0.0000 0.3000
v 1.5600 0.0000 0.3000
v 2.5600 0.0000 0.3000
v 2.5600 0.5000 0.3000
v 1.5600 0.5000 0.3000
v 1.5600 0.0000 0.0000
v 1.5600 0.5000 0.0000
v 2.5600 0.5000 0.0000
v 2.5600 0.0000 0.0000
v 1.5600 0.5000 0.0000
v 1.5600 0.5000 0.3000
v 2.5600 0.5000 0.3000
v 2.5600 0.5000 0.0000
v 1.5600 0.0000 0.0000
v 2.5600 0.0000 0.0000
v 2.5600 0.0000 0.3000
v 1.5600 0.0000 0.3000
v 1.5600 0.0000 0.0000
v 1.5600 0.0000 0.3000
v 1.5600 0.5000 0.3000
v 1.5600 0.5000 0.0000
v 2.5600 0.0000 0.0000
v 2.5600 0.5000 0.0000
v 2.5600 0.5000 0.3000
v 2.5600 0.0000 0.3000
v 2.6400 0.0000 0.3000
v 3.6400 0.0000 0.3000
v 3.6400 0.5000 0.3000
v 2.6400 0.5000 0.3000
v 2.6400 0.0000 0.0000
v 2.6400 0.5000 0.0000
v 3.6400 0.5000 0.0000
v 3.6400 0.0000 0.0000
v 2.6400 0.5000 0.0000
v 2.6400 0.5000 0.3000
v 3.6400 0.5000 0.3000
v 3.6400 0.5000 0.0000
v 2.6400 0.0000 0.0000
v 3.6400 0.0000 0.0000
v 3.6400 0.0000 0.3000
v 2.6400 0.0000 0.3000
v 2.6400 0.0000 0.0000
v 2.6400 0.0000 0.3000
v 2.6400 0.5000 0.3000
v 2.6400 0.5000 0.0000
v 3.6400 0.0000 0.0000
v 3.6400 0.5000 0.0000
v 3.6400 0.5000 0.3000
v 3.6400 0.0000 0.3000
v 3.7200 0.0000 0.3000
v 4.7200 0.0000 0.3000
v 4.7200 0.5000 0.3000
v 3.7200 0.5000 0.3000
v 3.7200 0.0000 0.0000
v 3.7200 0.5000 0.0000
v 4.7200 0.5000 0.0000
v 4.7200 0.0000 0.0000
v 3.7200 0.5000 0.0000
v 3.7200 0.5000 0.3000
v 4.7200 0.5000 0.3000
v 4.7200 0.5000 0.0000
v 3.7200 0.0000 0.0000
v 4.7200 0.0000 0.0000
v 4.7200 0.0000 0.3000
v 3.7200 0.0000 0.3000
v 3.7200 0.0000 0.0000
v 3.7200 0.0000 0.3000
v 3.7200 0.5000 0.3000
v 3.7200 0.5000 0.0000
v 4.7200 0.0000 0.0000
v 4.7200 0.5000 0.0000
v 4.7200 0.5000 0.3000
v 4.7200 0.0000 0.3000
v 4.8000 0.0000 0.3000
v 5.8000 0.0000 0.3000
v 5.8000 0.5000 0.3000
v 4.8000 0.5000 0.3000
v 4.8000 0.0000 0.0000
v 4.8000 0.5000 0.0000
v 5.8000 0.5000 0.0000
v 5.8000 0.0000 0.0000
v 4.8000 0.5000 0.0000
v 4.8000 0.5000 0.3000
v 5.8000 0.5000 0.3000
v 5.8000 0.5000 0.0000
v 4.8000 0.0000 0.0000
v 5.8000 0.0000 0.0000
v 5.8000 0.0000 0.3000
v 4.8000 0.0000 0.3000
v 4.8000 0.0000 0.0000
v 4.8000 0.0000 0.3000
v 4.8000 0.5000 0.3000
v 4.8000 0.5000 0.0000
v 5.8000 0.0000 0.0000
v 5.8000 0.5000 0.0000
v 5.8000 0.5000 0.3000
v 5.8000 0.0000 0.3000
v 5.8800 0.0000 0.3000
v 6.0000 0.0000 0.3000
v 6.0000 0.5000 0.3000
v 5.8800 0.5000 0.3000
v 5.8800 0.0000 0.0000
v 5.8800 0.5000 0.0000
v 6.0000 0.5000 0.0000
v 6.0000 0.0000 0.0000
v 5.8800 0.5000 0.0000
v 5.8800 0.5000 0.3000
v 6.0000 0.5000 0.3000
v 6.0000 0.5000 0.0000
v 5.8800 0.0000 0.0000
v 6.0000 0.0000 0.0000
v 6.0000 0.0000 0.3000
v 5.8800 0.0000 0.3000
v 5.8800 0.0000 0.0000
v 5.8800 0.0000 0.3000
v 5.8800 0.5000 0.3000
v 5.8800 0.5000 0.0000
v 6.0000 0.0000 0.0000
v 6.0000 0.5000 0.0000
v 6.0000 0.5000 0.3000
v 6.0000 0.0000 0.3000
v -5.5000 0.5000 0.3000
v -4.5000 0.5000 0.3000
v -4.5000 1.0000 0.3000
v -5.5000 1.0000 0.3000
v -5.5000 0.5000 0.0000
v -5.5000 1.0000 0.0000
v -4.5000 1.0000 0.0000
v -4.5000 0.5000 0.0000
v -5.5000 1.0000 0.0000
v -5.5000 1.0000 0.3000
v -4.5000 1.0000 0.3000
v -4.5000 1.0000 0.0000
v -5.5000 0.5000 0.0000
v -4.5000 0.5000 0.0000
v -4.5000 0.5000 0.3000
v -5.5000 0.5000 0.3000
v -5.5000 0.5000 0.0000
v -5.5000 0.5000 0.3000
v -5.5000 1.0000 0.3000
v -5.5000 1.0000 0.0000
v -4.5000 0.5000 0.0000
v -4.5000 1.0000 0.0000
v -4.5000 1.0000 0.3000
v -4.5000 0.5000 0.3000
v -4.4200 0.5000 0.3000
v -3.4200 0.5000 0.3000
v -3.4200 1.0000 0.3000
v -4.4200 1.0000 0.3000
v -4.4200 0.5000 0.0000
v -4.4200 1.0000 0.0000
v -3.4200 1.0000 0.0000
v -3.4200 0.5000 0.0000
v -4.4200 1.0000 0.0000
v -4.4200 1.0000 0.3000
v -3.4200 1.0000 0.3000
v -3.4200 1.0000 0.0000
v -4.4200 0.5000 0.0000
v -3.4200 0.5000 0.0000
v -3.4200 0.5000 0.3000
v -4.4200 0.5000 0.3000
v -4.4200 0.5000 0.0000
v -4.4200 0.5000 0.3000
v -4.4200 1.0000 0.3000
v -4.4200 1.0000 0.0000
v -3.4200 0.5000 0.0000
v -3.4200 1.0000 0.0000
v -3.4200 1.0000 0.3000
v -3.4200 0.5000 0.3000
v -3.3400 0.5000 0.3000
v -2.3400 0.5000 0.3000
v -2.3400 1.0000 0.3000
v -3.3400 1.0000 0.3000
v -3.3400 0.5000 0.0000
v -3.3400 1.0000 0.0000
v -2.3400 1.0000 0.0000
v -2.3400 0.5000 0.0000
v -3.3400 1.0000 0.0000
v -3.3400 1.0000 0.3000
v -2.3400 1.0000 0.3000
v -2.3400 1.0000 0.0000
v -3.3400 0.5000 0.0000
v -2.3400 0.5000 0.0000
v -2.3400 0.5000 0.3000
v -3.3400 0.5000 0.3000
v -3.3400 0.5000 0.0000
v -3.3400 0.5000 0.3000
v -3.3400 1.0000 0.3000
v -3.3400 1.0000 0.0000
v -2.3400 0.5000 0.0000
v -2.3400 1.0000 0.0000
v -2.3400 1.0000 0.3000
v -2.3400 0.5000 0.3000
v -2.2600 0.5000 0.3000
v -1.2600 0.5000 0.3000
v -1.2600 1.0000 0.3000
v -2.2600 1.0000 0.3000
v -2.2600 0.5000 0.0000
v -2.2600 1.0000 0.0000
v -1.2600 1.0000 0.0000
v -1.2600 0.5000 0.0000
v -2.2600 1.0000 0.0000
v -2.2600 1.0000 0.3000
v -1.2600 1.0000 0.3000
v -1.2600 1.0000 0.0000
v -2.2600 0.5000 0.0000
v -1.2600 0.5000 0.0000
v -1.2600 0.5000 0.3000
v -2.2600 0.5000 0.3000
v -2.2600 0.5000 0.0000
v -2.2600 0.5000 0.3000
v -2.2600 1.0000 0.3000
v -2.2600 1.0000 0.0000
v -1.2600 0.5000 0.0000
v -1.2600 1.0000 0.0000
v -1.2600 1.0000 0.3000
v -1.2600 0.5000 0.3000
v -1.1800 0.5000 0.3000
v -0.1800 0.5000 0.3000
v -0.1800 1.0000 0.3000
v -1.1800 1.0000 0.3000
v -1.1800 0.5000 0.0000
v -1.1800 1.0000 0.0000
v -0.1800 1.0000 0.0000
v -0.1800 0.5000 0.0000
v -1.1800 1.0000 0.0000
v -1.1800 1.0000 0.3000
v -0.1800 1.0000 0.3000
v -0.1800 1.0000 0.0000
v -1.1800 0.5000 0.0000
v -0.1800 0.5000 0.0000
v -0.1800 0.5000 0.3000
v -1.1800 0.5000 0.3000
v -1.1800 0.5000 0.0000
v -1.1800 0.5000 0.3000
v -1.1800 1.0000 0.3000
v -1.1800 1.0000 0.0000
v -0.1800 0.5000 0.0000
v -0.1800 1.0000 0.0000
v -0.1800 1.0000 0.3000
v -0.1800 0.5000 0.3000
v -0.1000 0.5000 0.3000
v 0.9000 0.5000 0.3000
v 0.9000 1.0000 0.3000
v -0.1000 1.0000 0.3000
v -0.1000 0.5000 0.0000
v -0.1000 1.0000 0.0000
v 0.9000 1.0000 0.0000
v 0.9000 0.5000 0.0000
v -0.1000 1.0000 0.0000
v -0.1000 1.0000 0.3000
v 0.9000 1.0000 0.3000
v 0.9000 1.0000 0.0000
v -0.1000 0.5000 0.0000
v 0.9000 0.5000 0.0000
v 0.9000 0.5000 0.3000
v -0.1000 0.5000 0.3000
v -0.1000 0.5000 0.0000
v -0.1000 0.5000 0.3000
v -0.1000 1.0000 0.3000
v -0.1000 1.0000 0.0000
v 0.9000 0.5000 0.0000
v 0.9000 1.0000 0.0000
v 0.9000 1.0000 0.3000
v 0.9000 0.5000 0.3000
v 0.9800 0.5000 0.3000
v 1.9800 0.5000 0.3000
v 1.9800 1.0000 0.3000
v 0.9800 1.0000 0.3000
v 0.9800 0.5000 0.0000
v 0.9800 1.0000 0.0000
v 1.9800 1.0000 0.0000
v 1.9800 0.5000 0.0000
v 0.9800 1.0000 0.0000
v 0.9800 1.0000 0.3000
v 1.9800 1.0000 0.3000
v 1.9800 1.0000 0.0000
v 0.9800 0.5000 0.0000
v 1.9800 0.5000 0.0000
v 1.9800 0.5000 0.3000
v 0.9800 0.5000 0.3000
v 0.9800 0.5000 0.0000
v 0.9800 0.5000 0.3000
v 0.9800 1.0000 0.3000
v 0.9800 1.0000 0.0000
v 1.9800 0.5000 0.0000
v 1.9800 1.0000 0.0000
v 1.9800 1.0000 0.3000
v 1.9800 0.5000 0.3000
v 2.0600 0.5000 0.3000
v 3.0600 0.5000 0.3000
v 3.0600 1.0000 0.3000
v 2.0600 1.0000 0.3000
v 2.0600 0.5000 0.0000
v 2.0600 1.0000 0.0000
v 3.0600 1.0000 0.0000
v 3.0600 0.5000 0.0000
v 2.0600 1.0000 0.0000
v 2.0600 1.0000 0.3000
v 3.0600 1.0000 0.3000
v 3.0600 1.0000 0.0000
v 2.0600 0.5000 0.0000
v 3.0600 0.5000 0.0000
v 3.0600 0.5000 0.3000
v 2.0600 0.5000 0.3000
v 2.0600 0.5000 0.0000
v 2.0600 0.5000 0.3000
v 2.0600 1.0000 0.3000
v 2.0600 1.0000 0.0000
v 3.0600 0.5000 0.0000
v 3.0600 1.0000 0.0000
v 3.0600 1.0000 0.3000
v 3.0600 0.5000 0.3000
v 3.1400 0.5000 0.3000
v 4.1400 0.5000 0.3000
v 4.1400 1.0000 0.3000
v 3.1400 1.0000 0.3000
v 3.1400 0.5000 0.0000
v 3.1400 1.0000 0.0000
v 4.1400 1.0000 0.0000
v 4.1400 0.5000 0.0000
v 3.1400 1.0000 0.0000
v 3.1400 1.0000 0.3000
v 4.1400 1.0000 0.3000
v 4.1400 1.0000 0.0000
v 3.1400 0.5000 0.0000
v 4.1400 0.5000 0.0000
v 4.1400 0.5000 0.3000
v 3.1400 0.5000 0.3000
v 3.1400 0.5000 0.0000
v 3.1400 0.5000 0.3000
v 3.1400 1.0000 0.3000
v 3.1400 1.0000 0.0000
v 4.1400 0.5000 0.0000
v 4.1400 1.0000 0.0000
v 4.1400 1.0000 0.3000
v 4.1400 0.5000 0.3000
v 4.2200 0.5000 0.3000
v 5.2200 0.5000 0.3000
v 5.2200 1.0000 0.3000
v 4.2200 1.0000 0.3000
v 4.2200 0.5000 0.0000
v 4.2200 1.0000 0.0000
v 5.2200 1.0000 0.0000
v 5.2200 0.5000 0.0000
v 4.2200 1.0000 0.0000
v 4.2200 1.0000 0.3000
v 5.2200 1.0000 0.3000
v 5.2200 1.0000 0.0000
v 4.2200 0.5000 0.0000
v 5.2200 0.5000 0.0000
v 5.2200 0.5000 0.3000
v 4.2200 0.5000 0.3000
v 4.2200 0.5000 0.0000
v 4.2200 0.5000 0.3000
v 4.2200 1.0000 0.3000
v 4.2200 1.0000 0.0000
v 5.2200 0.5000 0.0000
v 5.2200 1.0000 0.0000
v 5.2200 1.0000 0.3000
v 5.2200 0.5000 0.3000
v 5.3000 0.5000 0.3000
v 6.0000 0.5000 0.3000
v 6.0000 1.0000 0.3000
v 5.3000 1.0000 0.3000
v 5.3000 0.5000 0.0000
v 5.3000 1.0000 0.0000
v 6.0000 1.0000 0.0000
v 6.0000 0.5000 0.0000
v 5.3000 1.0000 0.0000
v 5.3000 1.0000 0.3000
v 6.0000 1.0000 0.3000
v 6.0000 1.0000 0.0000
v 5.3000 0.5000 0.0000
v 6.0000 0.5000 0.0000
v 6.0000 0.5000 0.3000
v 5.3000 0.5000 0.3000
v 5.3000 0.5000 0.0000
v 5.3000 0.5000 0.3000
v 5.3000 1.0000 0.3000
v 5.3000 1.0000 0.0000
v 6.0000 0.5000 0.0000
v 6.0000 1.0000 0.0000
v 6.0000 1.0000 0.3000
v 6.0000 0.5000 0.3000
v -6.0000 1.0000 0.3000
v -5.0000 1.0000 0.3000
v -5.0000 1.5000 0.3000
v -6.0000 1.5000 0.3000
v -6.0000 1.0000 0.0000
v -6.0000 1.5000 0.0000
v -5.0000 1.5000 0.0000
v -5.0000 1.0000 0.0000
v -6.0000 1.5000 0.0000
v -6.0000 1.5000 0.3000
v -5.0000 1.5000 0.3000
v -5.0000 1.5000 0.0000
v -6.0000 1.0000 0.0000
v -5.0000 1.0000 0.0000
v -5.0000 1.0000 0.3000
v -6.0000 1.0000 0.3000
v -6.0000 1.0000 0.0000
v -6.0000 1.0000 0.3000
v -6.0000 1.5000 0.3000
v -6.0000 1.5000 0.0000
v -5.0000 1.0000 0.0000
v -5.0000 1.5000 0.0000
v -5.0000 1.5000 0.3000
v -5.0000 1.0000 0.3000
v -4.9200 1.0000 0.3000
v -3.9200 1.0000 0.3000
v -3.9200 1.5000 0.3000
v -4.9200 1.5000 0.3000
v -4.9200 1.0000 0.0000
v -4.9200 1.5000 0.0000
v -3.9200 1.5000 0.0000
v -3.9200 1.0000 0.0000
v -4.9200 1.5000 0.0000
v -4.9200 1.5000 0.3000
v -3.9200 1.5000 0.3000
v -3.9200 1.5000 0.0000
v -4.9200 1.0000 0.0000
v -3.9200 1.0000 0.0000
v -3.9200 1.0000 0.3000
v -4.9200 1.0000 0.3000
v -4.9200 1.0000 0.0000
v -4.9200 1.0000 0.3000
v -4.9200 1.5000 0.3000
v -4.9200 1.5000 0.0000
v -3.9200 1.0000 0.0000
v -3.9200 1.5000 0.0000
v -3.9200 1.5000 0.3000
v -3.9200 1.0000 0.3000
v -3.8400 1.0000 0.3000
v -2.8400 1.0000 0.3000
v -2.8400 1.5000 0.3000
v -3.8400 1.5000 0.3000
v -3.8400 1.0000 0.0000
v -3.8400 1.5000 0.0000
v -2.8400 1.5000 0.0000
v -2.8400 1.0000 0.0000
v -3.8400 1.5000 0.0000
v -3.8400 1.5000 0.3000
v -2.8400 1.5000 0.3000
v -2.8400 1.5000 0.0000
v -3.8400 1.0000 0.0000
v -2.8400 1.0000 0.0000
v -2.8400 1.0000 0.3000
v -3.8400 1.0000 0.3000
v -3.8400 1.0000 0.0000
v -3.8400 1.0000 0.3000
v -3.8400 1.5000 0.3000
v -3.8400 1.5000 0.0000
v -2.8400 1.0000 0.0000
v -2.8400 1.5000 0.0000
v -2.8400 1.5000 0.3000
v -2.8400 1.0000 0.3000
v -2.7600 1.0000 0.3000
v -1.7600 1.0000 0.3000
v -1.7600 1.5000 0.3000
v -2.7600 1.5000 0.3000
v -2.7600 1.0000 0.0000
v -2.7600 1.5000 0.0000
v -1.7600 1.5000 0.0000
v -1.7600 1.0000 0.0000
v -2.7600 1.5000 0.0000
v -2.7600 1.5000 0.3000
v -1.7600 1.5000 0.3000
v -1.7600 1.5000 0.0000
v -2.7600 1.0000 0.0000
v -1.7600 1.0000 0.0000
v -1.7600 1.0000 0.3000
v -2.7600 1.0000 0.3000
v -2.7600 1.0000 0.0000
v -2.7600 1.0000 0.3000
v -2.7600 1.5000 0.3000
v -2.7600 1.5000 0.0000
v -1.7600 1.0000 0.0000
v -1.7600 1.5000 0.0000
v -1.7600 1.5000 0.3000
v -1.7600 1.0000 0.3000
v -1.6800 1.0000 0.3000
v -0.6800 1.0000 0.3000
v -0.6800 1.5000 0.3000
v -1.6800 1.5000 0.3000
v -1.6800 1.0000 0.0000
v -1.6800 1.5000 0.0000
v -0.6800 1.5000 0.0000
v -0.6800 1.0000 0.0000
v -1.6800 1.5000 0.0000
v -1.6800 1.5000 0.3000
v -0.6800 1.5000 0.3000
v -0.6800 1.5000 0.0000
v -1.6800 1.0000 0.0000
v -0.6800 1.0000 0.0000
v -0.6800 1.0000 0.3000
v -1.6800 1.0000 0.3000
v -1.6800 1.0000 0.0000
v -1.6800 1.0000 0.3000
v -1.6800 1.5000 0.3000
v -1.6800 1.5000 0.0000
v -0.6800 1.0000 0.0000
v -0.6800 1.5000 0.0000
v -0.6800 1.5000 0.3000
v -0.6800 1.0000 0.3000
v -0.6000 1.0000 0.3000
v 0.4000 1.0000 0.3000
v 0.4000 1.5000 0.3000
v -0.6000 1.5000 0.3000
v -0.6000 1.0000 0.0000
v -0.6000 1.5000 0.0000
v 0.4000 1.5000 0.0000
v 0.4000 1.0000 0.0000
v -0.6000 1.5000 0.0000
v -0.6000 1.5000 0.3000
v 0.4000 1.5000 0.3000
v 0.4000 1.5000 0.0000
v -0.6000 1.0000 0.0000
v 0.4000 1.0000 0.0000
v 0.4000 1.0000 0.3000
v -0.6000 1.0000 0.3000
v -0.6000 1.0000 0.0000
v -0.6000 1.0000 0.3000
v -0.6000 1.5000 0.3000
v -0.6000 1.5000 0.0000
v 0.4000 1.0000 0.0000
v 0.4000 1.5000 0.0000
v 0.4000 1.5000 0.3000
v 0.4000 1.0000 0.3000
v 0.4800 1.0000 0.3000
v 1.4800 1.0000 0.3000
v 1.4800 1.5000 0.3000
v 0.4800 1.5000 0.3000
v 0.4800 1.0000 0.0000
v 0.4800 1.5000 0.0000
v 1.4800 1.5000 0.0000
v 1.4800 1.0000 0.0000
v 0.4800 1.5000 0.0000
v 0.4800 1.5000 0.3000
v 1.4800 1.5000 0.3000
v 1.4800 1.5000 0.0000
v 0.4800 1.0000 0.0000
v 1.4800 1.0000 0.0000
v 1.4800 1.0000 0.3000
v 0.4800 1.0000 0.3000
v 0.4800 1.0000 0.0000
v 0.4800 1.0000 0.3000
v 0.4800 1.5000 0.3000
v 0.4800 1.5000 0.0000
v 1.4800 1.0000 0.0000
v 1.4800 1.5000 0.0000
v 1.4800 1.5000 0.3000
v 1.4800 1.0000 0.3000
v 1.5600 1.0000 0.3000
v 2.5600 1.0000 0.3000
v 2.5600 1.5000 0.3000
v 1.5600 1.5000 0.3000
v 1.5600 1.0000 0.0000
v 1.5600 1.5000 0.0000
v 2.5600 1.5000 0.0000
v 2.5600 1.0000 0.0000
v 1.5600 1.5000 0.0000
v 1.5600 1.5000 0.3000
v 2.5600 1.5000 0.3000
v 2.5600 1.5000 0.0000
v 1.5600 1.0000 0.0000
v 2.5600 1.0000 0.0000
v 2.5600 1.0000 0.3000
v 1.5600 1.0000 0.3000
v 1.5600 1.0000 0.0000
v 1.5600 1.0000 0.3000
v 1.5600 1.5000 0.3000
v 1.5600 1.5000 0.0000
v 2.5600 1.0000 0.0000
v 2.5600 1.5000 0.0000
v 2.5600 1.5000 0.3000
v 2.5600 1.0000 0.3000
v 2.6400 1.0000 0.3000
v 3.6400 1.0000 0.3000
v 3.6400 1.5000 0.3000
v 2.6400 1.5000 0.3000
v 2.6400 1.0000 0.0000
v 2.6400 1.5000 0.0000
v 3.6400 1.5000 0.0000
v 3.6400 1.0000 0.0000
v 2.6400 1.5000 0.0000
v 2.6400 1.5000 0.3000
v 3.6400 1.5000 0.3000
v 3.6400 1.5000 0.0000
v 2.6400 1.0000 0.0000
v 3.6400 1.0000 0.0000
v 3.6400 1.0000 0.3000
v 2.6400 1.0000 0.3000
v 2.6400 1.0000 0.0000
v 2.6400 1.0000 0.3000
v 2.6400 1.5000 0.3000
v 2.6400 1.5000 0.0000
v 3.6400 1.0000 0.0000
v 3.6400 1.5000 0.0000
v 3.6400 1.5000 0.3000
v 3.6400 1.0000 0.3000
v 3.7200 1.0000 0.3000
v 4.7200 1.0000 0.3000
v 4.7200 1.5000 0.3000
v 3.7200 1.5000 0.3000
v 3.7200 1.0000 0.0000
v 3.7200 1.5000 0.0000
v 4.7200 1.5000 0.0000
v 4.7200 1.0000 0.0000
v 3.7200 1.5000 0.0000
v 3.7200 1.5000 0.3000
v 4.7200 1.5000 0.3000
v 4.7200 1.5000 0.0000
v 3.7200 1.0000 0.0000
v 4.7200 1.0000 0.0000
v 4.7200 1.0000 0.3000
v 3.7200 1.0000 0.3000
v 3.7200 1.0000 0.0000
v 3.7200 1.0000 0.3000
v 3.7200 1.5000 0.3000
v 3.7200 1.5000 0.0000
v 4.7200 1.0000 0.0000
v 4.7200 1.5000 0.0000
v 4.7200 1.5000 0.3000
v 4.7200 1.0000 0.3000
v 4.8000 1.0000 0.3000
v 5.8000 1.0000 0.3000
v 5.8000 1.5000 0.3000
v 4.8000 1.5000 0.3000
v 4.8000 1.0000 0.0000
v 4.8000 1.5000 0.0000
v 5.8000 1.5000 0.0000
v 5.8000 1.0000 0.0000
v 4.8000 1.5000 0.0000
v 4.8000 1.5000 0.3000
v 5.8000 1.5000 0.3000
v 5.8000 1.5000 0.0000
v 4.8000 1.0000 0.0000
v 5.8000 1.0000 0.0000
v 5.8000 1.0000 0.3000
v 4.8000 1.0000 0.3000
v 4.8000 1.0000 0.0000
v 4.8000 1.0000 0.3000
v 4.8000 1.5000 0.3000
v 4.8000 1.5000 0.0000
v 5.8000 1.0000 0.0000
v 5.8000 1.5000 0.0000
v 5.8000 1.5000 0.3000
v 5.8000 1.0000 0.3000
v 5.8800 1.0000 0.3000
v 6.0000 1.0000 0.3000
v 6.0000 1.5000 0.3000
v 5.8800 1.5000 0.3000
v 5.8800 1.0000 0.0000
v 5.8800 1.5000 0.0000
v 6.0000 1.5000 0.0000
v 6.0000 1.0000 0.0000
v 5.8800 1.5000 0.0000
v 5.8800 1.5000 0.3000
v 6.0000 1.5000 0.3000
v 6.0000 1.5000 0.0000
v 5.8800 1.0000 0.0000
v 6.0000 1.0000 0.0000
v 6.0000 1.0000 0.3000
v 5.8800 1.0000 0.3000
v 5.8800 1.0000 0.0000
v 5.8800 1.0000 0.3000
v 5.8800 1.5000 0.3000
v 5.8800 1.5000 0.0000
v 6.0000 1.0000 0.0000
v 6.0000 1.5000 0.0000
v 6.0000 1.5000 0.3000
v 6.0000 1.0000 0.3000
v -5.5000 1.5000 0.3000
v -4.5000 1.5000 0.3000
v -4.5000 2.0000 0.3000
v -5.5000 2.0000 0.3000
v -5.5000 1.5000 0.0000
v -5.5000 2.0000 0.0000
v -4.5000 2.0000 0.0000
v -4.5000 1.5000 0.0000
v -5.5000 2.0000 0.0000
v -5.5000 2.0000 0.3000
v -4.5000 2.0000 0.3000
v -4.5000 2.0000 0.0000
v -5.5000 1.5000 0.0000
v -4.5000 1.5000 0.0000
v -4.5000 1.5000 0.3000
v -5.5000 1.5000 0.3000
v -5.5000 1.5000 0.0000
v -5.5000 1.5000 0.3000
v -5.5000 2.0000 0.3000
v -5.5000 2.0000 0.0000
v -4.5000 1.5000 0.0000
v -4.5000 2.0000 0.0000
v -4.5000 2.0000 0.3000
v -4.5000 1.5000 0.3000
v -4.4200 1.5000 0.3000
v -3.4200 1.5000 0.3000
v -3.4200 2.0000 0.3000
v -4.4200 2.0000 0.3000
v -4.4200 1.5000 0.0000
v -4.4200 2.0000 0.0000
v -3.4200 2.0000 0.0000
v -3.4200 1.5000 0.0000
v -4.4200 2.0000 0.0000
v -4.4200 2.0000 0.3000
v -3.4200 2.0000 0.3000
v -3.4200 2.0000 0.0000
v -4.4200 1.5000 0.0000
v -3.4200 1.5000 0.0000
v -3.4200 1.5000 0.3000
v -4.4200 1.5000 0.3000
v -4.4200 1.5000 0.0000
v -4.4200 1.5000 0.3000
v -4.4200 2.0000 0.3000
v -4.4200 2.0000 0.0000
v -3.4200 1.5000 0.0000
v -3.4200 2.0000 0.0000
v -3.4200 2.0000 0.3000
v -3.4200 1.5000 0.3000
v -3.3400 1.5000 0.3000
v -2.3400 1.5000 0.3000
v -2.3400 2.0000 0.3000
v -3.3400 2.0000 0.3000
v -3.3400 1.5000 0.0000
v -3.3400 2.0000 0.0000
v -2.3400 2.0000 0.0000
v -2.3400 1.5000 0.0000
v -3.3400 2.0000 0.0000
v -3.3400 2.0000 0.3000
v -2.3400 2.0000 0.3000
v -2.3400 2.0000 0.0000
v -3.3400 1.5000 0.0000
v -2.3400 1.5000 0.0000
v -2.3400 1.5000 0.3000
v -3.3400 1.5000 0.3000
v -3.3400 1.5000 0.0000
v -3.3400 1.5000 0.3000
v -3.3400 2.0000 0.3000
v -3.3400 2.0000 0.0000
v -2.3400 1.5000 0.0000
v -2.3400 2.0000 0.0000
v -2.3400 2.0000 0.3000
v -2.3400 1.5000 0.3000
v -2.2600 1.5000 0.3000
v -1.2600 1.5000 0.3000
v -1.2600 2.0000 0.3000
v -2.2600 2.0000 0.3000
v -2.2600 1.5000 0.0000
v -2.2600 2.0000 0.0000
v -1.2600 2.0000 0.0000
v -1.2600 1.5000 0.0000
v -2.2600 2.0000 0.0000
v -2.2600 2.0000 0.3000
v -1.2600 2.0000 0.3000
v -1.2600 2.0000 0.0000
v -2.2600 1.5000 0.0000
v -1.2600 1.5000 0.0000
v -1.2600 1.5000 0.3000
v -2.2600 1.5000 0.3000
v -2.2600 1.5000 0.0000
v -2.2600 1.5000 0.3000
v -2.2600 2.0000 0.3000
v -2.2600 2.0000 0.0000
v -1.2600 1.5000 0.0000
v -1.2600 2.0000 0.0000
v -1.2600 2.0000 0.3000
v -1.2600 1.5000 0.3000
v -1.1800 1.5000 0.3000
v -0.1800 1.5000 0.3000
v -0.1800 2.0000 0.3000
v -1.1800 2.0000 0.3000
v -1.1800 1.5000 0.0000
v -1.1800 2.0000 0.0000
v -0.1800 2.0000 0.0000
v -0.1800 1.5000 0.0000
v -1.1800 2.0000 0.0000
v -1.1800 2.0000 0.3000
v -0.1800 2.0000 0.3000
v -0.1800 2.0000 0.0000
v -1.1800 1.5000 0.0000
v -0.1800 1.5000 0.0000
v -0.1800 1.5000 0.3000
v -1.1800 1.5000 0.3000
v -1.1800 1.5000 0.0000
v -1.1800 1.5000 0.3000
v -1.1800 2.0000 0.3000
v -1.1800 2.0000 0.0000
v -0.1800 1.5000 0.0000
v -0.1800 2.0000 0.0000
v -0.1800 2.0000 0.3000
v -0.1800 1.5000 0.3000
v -0.1000 1.5000 0.3000
v 0.9000 1.5000 0.3000
v 0.9000 2.0000 0.3000
v -0.1000 2.0000 0.3000
v -0.1000 1.5000 0.0000
v -0.1000 2.0000 0.0000
v 0.9000 2.0000 0.0000
v 0.9000 1.5000 0.0000
v -0.1000 2.0000 0.0000
v -0.1000 2.0000 0.3000
v 0.9000 2.0000 0.3000
v 0.9000 2.0000 0.0000
v -0.1000 1.5000 0.0000
v 0.9000 1.5000 0.0000
v 0.9000 1.5000 0.3000
v -0.1000 1.5000 0.3000
v -0.1000 1.5000 0.0000
v -0.1000 1.5000 0.3000
v -0.1000 2.0000 0.3000
v -0.1000 2.0000 0.0000
v 0.9000 1.5000 0.0000
v 0.9000 2.0000 0.0000
v 0.9000 2.0000 0.3000
v 0.9000 1.5000 0.3000
v 0.9800 1.5000 0.3000
v 1.9800 1.5000 0.3000
v 1.9800 2.0000 0.3000
v 0.9800 2.0000 0.3000
v 0.9800 1.5000 0.0000
v 0.9800 2.0000 0.0000
v 1.9800 2.0000 0.0000
v 1.9800 1.5000 0.0000
v 0.9800 2.0000 0.0000
v 0.9800 2.0000 0.3000
v 1.9800 2.0000 0.3000
v 1.9800 2.0000 0.0000
v 0.9800 1.5000 0.0000
v 1.9800 1.5000 0.0000
v 1.9800 1.5000 0.3000
v 0.9800 1.5000 0.3000
v 0.9800 1.5000 0.0000
v 0.9800 1.5000 0.3000
v 0.9800 2.0000 0.3000
v 0.9800 2.0000 0.0000
v 1.9800 1.5000 0.0000
v 1.9800 2.0000 0.0000
v 1.9800 2.0000 0.3000
v 1.9800 1.5000 0.3000
v 2.0600 1.5000 0.3000
v 3.0600 1.5000 0.3000
v 3.0600 2.0000 0.3000
v 2.0600 2.0000 0.3000
v 2.0600 1.5000 0.0000
v 2.0600 2.0000 0.0000
v 3.0600 2.0000 0.0000
v 3.0600 1.5000 0.0000
v 2.0600 2.0000 0.0000
v 2.0600 2.0000 0.3000
v 3.0600 2.0000 0.3000
v 3.0600 2.0000 0.0000
v 2.0600 1.5000 0.0000
v 3.0600 1.5000 0.0000
v 3.0600 1.5000 0.3000
v 2.0600 1.5000 0.3000
v 2.0600 1.5000 0.0000
v 2.0600 1.5000 0.3000
v 2.0600 2.0000 0.3000
v 2.0600 2.0000 0.0000
v 3.0600 1.5000 0.0000
v 3.0600 2.0000 0.0000
v 3.0600 2.0000 0.3000
v 3.0600 1.5000 0.3000
v 3.1400 1.5000 0.3000
v 4.1400 1.5000 0.3000
v 4.1400 2.0000 0.3000
v 3.1400 2.0000 0.3000
v 3.1400 1.5000 0.0000
v 3.1400 2.0000 0.0000
v 4.1400 2.0000 0.0000
v 4.1400 1.5000 0.0000
v 3.1400 2.0000 0.0000
v 3.1400 2.0000 0.3000
v 4.1400 2.0000 0.3000
v 4.1400 2.0000 0.0000
v 3.1400 1.5000 0.0000
v 4.1400 1.5000 0.0000
v 4.1400 1.5000 0.3000
v 3.1400 1.5000 0.3000
v 3.1400 1.5000 0.0000
v 3.1400 1.5000 0.3000
v 3.1400 2.0000 0.3000
v 3.1400 2.0000 0.0000
v 4.1400 1.5000 0.0000
v 4.1400 2.0000 0.0000
v 4.1400 2.0000 0.3000
v 4.1400 1.5000 0.3000
v 4.2200 1.5000 0.3000
v 5.2200 1.5000 0.3000
v 5.2200 2.0000 0.3000
v 4.2200 2.0000 0.3000
v 4.2200 1.5000 0.0000
v 4.2200 2.0000 0.0000
v 5.2200 2.0000 0.0000
v 5.2200 1.5000 0.0000
v 4.2200 2.0000 0.0000
v 4.2200 2.0000 0.3000
v 5.2200 2.0000 0.3000
v 5.2200 2.0000 0.0000
v 4.2200 1.5000 0.0000
v 5.2200 1.5000 0.0000
v 5.2200 1.5000 0.3000
v 4.2200 1.5000 0.3000
v 4.2200 1.5000 0.0000
v 4.2200 1.5000 0.3000
v 4.2200 2.0000 0.3000
v 4.2200 2.0000 0.0000
v 5.2200 1.5000 0.0000
v 5.2200 2.0000 0.0000
v 5.2200 2.0000 0.3000
v 5.2200 1.5000 0.3000
v 5.3000 1.5000 0.3000
v 6.0000 1.5000 0.3000
v 6.0000 2.0000 0.3000
v 5.3000 2.0000 0.3000
v 5.3000 1.5000 0.0000
v 5.3000 2.0000 0.0000
v 6.0000 2.0000 0.0000
v 6.0000 1.5000 0.0000
v 5.3000 2.0000 0.0000
v 5.3000 2.0000 0.3000
v 6.0000 2.0000 0.3000
v 6.0000 2.0000 0.0000
v 5.3000 1.5000 0.0000
v 6.0000 1.5000 0.0000
v 6.0000 1.5000 0.3000
v 5.3000 1.5000 0.3000
v 5.3000 1.5000 0.0000
v 5.3000 1.5000 0.3000
v 5.3000 2.0000 0.3000
v 5.3000 2.0000 0.0000
v 6.0000 1.5000 0.0000
v 6.0000 2.0000 0.0000
v 6.0000 2.0000 0.3000
v 6.0000 1.5000 0.3000
f 1 2 3 4 color 0.2115 0.1692 0.1269
f 5 6 7 8 color 0.2971 0.2377 0.1783
f 9 10 11 12 color 0.2600 0.2080 0.1560
f 13 14 15 16 color 0.2054 0.1643 0.1232
f 17 18 19 20 color 0.2420 0.1936 0.1452
f 21 22 23 24 color 0.2582 0.2065 0.1549
f 25 26 27 28 color 0.2456 0.1965 0.1474
f 29 30 31 32 color 0.2818 0.2254 0.1691
f 33 34 35 36 color 0.2553 0.2042 0.1532
f 37 38 39 40 color 0.2376 0.1901 0.1425
f 41 42 43 44 color 0.2032 0.1625 0.1219
f 45 46 47 48 color 0.2314 0.1851 0.1389
f 49 50 51 52 color 0.2954 0.2363 0.1772
f 53 54 55 56 color 0.2027 0.1622 0.1216
f 57 58 59 60 color 0.2905 0.2324 0.1743
f 61 62 63 64 color 0.2634 0.2107 0.1580
f 65 66 67 68 color 0.2248 0.1798 0.1349
f 69 70 71 72 color 0.2374 0.1899 0.1424
f 73 74 75 76 color 0.2997 0.2397 0.1798
f 77 78 79 80 color 0.2498 0.1999 0.1499
f 81 82 83 84 color 0.2642 0.2114 0.1585
f 85 86 87 88 color 0.2622 0.2098 0.1573
f 89 90 91 92 color 0.2562 0.2049 0.1537
f 93 94 95 96 color 0.2534 0.2027 0.1520
f 97 98 99 100 color 0.2093 0.1674 0.1256
f 101 102 103 104 color 0.2175 0.1740 0.1305
f 105 106 107 108 color 0.2201 0.1761 0.1321
f 109 110 111 112 color 0.2987 0.2390 0.1792
f 113 114 115 116 color 0.2450 0.1960 0.1470
f 117 118 119 120 color 0.2431 0.1944 0.1458
f 121 122 123 124 color 0.2119 0.1695 0.1271
f 125 126 127 128 color 0.2294 0.1835 0.1376
f 129 130 131 132 color 0.2912 0.2330 0.1747
f 133 134 135 136 color 0.2267 0.1813 0.1360
f 137 138 139 140 color 0.2700 0.2160 0.1620
f 141 142 143 144 color 0.2012 0.1610 0.1207
f 145 146 147 148 color 0.2297 0.1838 0.1378
f 149 150 151 152 color 0.2573 0.2059 0.1544
f 153 154 155 156 color 0.2593 0.2075 0.1556
f 157 158 159 160 color 0.2241 0.1792 0.1344
f 161 162 163 164 color 0.2842 0.2274 0.1705
f 165 166 167 168 color 0.2992 0.2394 0.1795
f 169 170 171 172 color 0.2382 0.1906 0.1429
f 173 174 175 176 color 0.2898 0.2318 0.1739
f 177 178 179 180 color 0.2255 0.1804 0.1353
f 181 182 183 184 color 0.2865 0.2292 0.1719
f 185 186 187 188 color 0.2721 0.2177 0.1633
f 189 190 191 192 color 0.2051 0.1641 0.1231
f 193 194 195 196 color 0.2008 0.1606 0.1205
f 197 198 199 200 color 0.2544 0.2035 0.1526
f 201 202 203 204 color 0.2411 0.1928 0.1446
f 205 206 207 208 color 0.2023 0.1619 0.1214
f 209 210 211 212 color 0.2756 0.2205 0.1654
f 213 214 215 216 color 0.2709 0.2167 0.1625
f 217 218 219 220 color 0.2200 0.1760 0.1320
f 221 222 223 224 color 0.2844 0.2275 0.1706
f 225 226 227 228 color 0.2238 0.1790 0.1343
f 229 230 231 232 color 0.2097 0.1678 0.1258
f 233 234 235 236 color 0.2049 0.1639 0.1229
f 237 238 239 240 color 0.2864 0.2291 0.1718
f 241 242 243 244 color 0.2012 0.1610 0.1207
f 245 246 247 248 color 0.2279 0.1823 0.1367
f 249 250 251 252 color 0.2250 0.1800 0.1350
f 253 254 255 256 color 0.2213 0.1770 0.1328
f 257 258 259 260 color 0.2277 0.1822 0.1366
f 261 262 263 264 color 0.2994 0.2395 0.1797
f 265 266 267 268 color 0.2064 0.1651 0.1238
f 269 270 271 272 color 0.2096 0.1676 0.1257
f 273 274 275 276 color 0.2966 0.2373 0.1780
f 277 278 279 280 color 0.2001 0.1601 0.1201
f 281 282 283 284 color 0.2303 0.1842 0.1382
f 285 286 287 288 color 0.2940 0.2352 0.1764
f 289 290 291 292 color 0.2865 0.2292 0.1719
f 293 294 295 296 color 0.2969 0.2375 0.1781
f 297 298 299 300 color 0.2427 0.1942 0.1456
f 301 302 303 304 color 0.2014 0.1611 0.1208
f 305 306 307 308 color 0.2563 0.2051 0.1538
f 309 310 311 312 color 0.2723 0.2178 0.1634
f 313 314 315 316 color 0.2311 0.1849 0.1387
f 317 318 319 320 color 0.2631 0.2105 0.1578
f 321 322 323 324 color 0.2870 0.2296 0.1722
f 325 326 327 328 color 0.2432 0.1946 0.1459
f 329 330 331 332 color 0.2234 0.1787 0.1340
f 333 334 335 336 color 0.2812 0.2249 0.1687
f 337 338 339 340 color 0.2986 0.2389 0.1791
f 341 342 343 344 color 0.2451 0.1961 0.1471
f 345 346 347 348 color 0.2654 0.2123 0.1592
f 349 350 351 352 color 0.2901 0.2321 0.1740
f 353 354 355 356 color 0.2455 0.1964 0.1473
f 357 358 359 360 color 0.2016 0.1613 0.1210
f 361 362 363 364 color 0.2935 0.2348 0.1761
f 365 366 367 368 color 0.2009 0.1607 0.1205
f 369 370 371 372 color 0.2365 0.1892 0.1419
f 373 374 375 376 color 0.2055 0.1644 0.1233
f 377 378 379 380 color 0.2130 0.1704 0.1278
f 381 382 383 384 color 0.2731 0.2185 0.1639
f 385 386 387 388 color 0.2704 0.2163 0.1622
f 389 390 391 392 color 0.2753 0.2202 0.1652
f 393 394 395 396 color 0.2133 0.1706 0.1280
f 397 398 399 400 color 0.2935 0.2348 0.1761
f 401 402 403 404 color 0.2203 0.1762 0.1322
f 405 406 407 408 color 0.2255 0.1804 0.1353
f 409 410 411 412 color 0.2705 0.2164 0.1623
f 413 414 415 416 color 0.2682 0.2146 0.1609
f 417 418 419 420 color 0.2794 0.2235 0.1677
f 421 422 423 424 color 0.2718 0.2174 0.1631
f 425 426 427 428 color 0.2608 0.2087 0.1565
f 429 430 431 432 color 0.2026 0.1621 0.1215
f 433 434 435 436 color 0.2644 0.2116 0.1587
f 437 438 439 440 color 0.2038 0.1631 0.1223
f 441 442 443 444 color 0.2687 0.2150 0.1612
f 445 446 447 448 color 0.2422 0.1937 0.1453
f 449 450 451 452 color 0.2410 0.1928 0.1446
f 453 454 455 456 color 0.2159 0.1727 0.1296
f 457 458 459 460 color 0.2295 0.1836 0.1377
f 461 462 463 464 color 0.2403 0.1922 0.1442
f 465 466 467 468 color 0.2279 0.1823 0.1367
f 469 470 471 472 color 0.2565 0.2052 0.1539
f 473 474 475 476 color 0.2001 0.1601 0.1201
f 477 478 479 480 color 0.2353 0.1882 0.1412
f 481 482 483 484 color 0.2096 0.1677 0.1258
f 485 486 487 488 color 0.2299 0.1839 0.1379
f 489 490 491 492 color 0.2645 0.2116 0.1587
f 493 494 495 496 color 0.2803 0.2243 0.1682
f 497 498 499 500 color 0.2016 0.1613 0.1209
f 501 502 503 504 color 0.2188 0.1751 0.1313
f 505 506 507 508 color 0.2829 0.2263 0.1697
f 509 510 511 512 color 0.2305 0.1844 0.1383
f 513 514 515 516 color 0.2558 0.2047 0.1535
f 517 518 519 520 color 0.2266 0.1813 0.1360
f 521 522 523 524 color 0.2529 0.2023 0.1517
f 525 526 527 528 color 0.2786 0.2229 0.1672
f 529 530 531 532 color 0.2520 0.2016 0.1512
f 533 534 535 536 color 0.2117 0.1693 0.1270
f 537 538 539 540 color 0.2107 0.1686 0.1264
f 541 542 543 544 color 0.2545 0.2036 0.1527
f 545 546 547 548 color 0.2067 0.1654 0.1240
f 549 550 551 552 color 0.2936 0.2348 0.1761
f 553 554 555 556 color 0.2429 0.1943 0.1457
f 557 558 559 560 color 0.2309 0.1847 0.1385
f 561 562 563 564 color 0.2417 0.1934 0.1450
f 565 566 567 568 color 0.2340 0.1872 0.1404
f 569 570 571 572 color 0.2086 0.1669 0.1251
f 573 574 575 576 color 0.2767 0.2214 0.1660
f 577 578 579 580 color 0.2772 0.2218 0.1663
f 581 582 583 584 color 0.2162 0.1730 0.1297
f 585 586 587 588 color 0.2105 0.1684 0.1263
f 589 590 591 592 color 0.2314 0.1851 0.1388
f 593 594 595 596 color 0.2927 0.2342 0.1756
f 597 598 599 600 color 0.2719 0.2175 0.1631
f 601 602 603 604 color 0.2231 0.1785 0.1339
f 605 606 607 608 color 0.2961 0.2369 0.1777
f 609 610 611 612 color 0.2022 0.1617 0.1213
f 613 614 615 616 color 0.2890 0.2312 0.1734
f 617 618 619 620 color 0.2082 0.1665 0.1249
f 621 622 623 624 color 0.2712 0.2169 0.1627
f 625 626 627 628 color 0.2803 0.2243 0.1682
f 629 630 631 632 color 0.2636 0.2109 0.1582
f 633 634 635 636 color 0.2304 0.1843 0.1382
f 637 638 639 640 color 0.2910 0.2328 0.1746
f 641 642 643 644 color 0.2904 0.2323 0.1742
f 645 646 647 648 color 0.2554 0.2043 0.1533
f 649 650 651 652 color 0.2759 0.2207 0.1656
f 653 654 655 656 color 0.2921 0.2337 0.1753
f 657 658 659 660 color 0.2602 0.2081 0.1561
f 661 662 663 664 color 0.2838 0.2270 0.1703
f 665 666 667 668 color 0.2297 0.1838 0.1378
f 669 670 671 672 color 0.2554 0.2043 0.1532
f 673 674 675 676 color 0.2052 0.1641 0.1231
f 677 678 679 680 color 0.2757 0.2206 0.1654
f 681 682 683 684 color 0.2350 0.1880 0.1410
f 685 686 687 688 color 0.2054 0.1643 0.1232
f 689 690 691 692 color 0.2081 0.1665 0.1249
f 693 694 695 696 color 0.2852 0.2282 0.1711
f 697 698 699 700 color 0.2051 0.1641 0.1231
f 701 702 703 704 color 0.2846 0.2277 0.1707
f 705 706 707 708 color 0.2171 0.1737 0.1302
f 709 710 711 712 color 0.2675 0.2140 0.1605
f 713 714 715 716 color 0.2121 0.1697 0.1272
f 717 718 719 720 color 0.2567 0.2054 0.1540
f 721 722 723 724 color 0.2532 0.2026 0.1519
f 725 726 727 728 color 0.2994 0.2395 0.1797
f 729 730 731 732 color 0.2010 0.1608 0.1206
f 733 734 735 736 color 0.2704 0.2163 0.1622
f 737 738 739 740 color 0.2765 0.2212 0.1659
f 741 742 743 744 color 0.2020 0.1616 0.1212
f 745 746 747 748 color 0.2141 0.1713 0.1285
f 749 750 751 752 color 0.2263 0.1810 0.1358
f 753 754 755 756 color 0.2479 0.1983 0.1487
f 757 758 759 760 color 0.2737 0.2190 0.1642
f 761 762 763 764 color 0.2319 0.1855 0.1391
f 765 766 767 768 color 0.2641 0.2113 0.1584
f 769 770 771 772 color 0.2558 0.2046 0.1535
f 773 774 775 776 color 0.2542 0.2034 0.1525
f 777 778 779 780 color 0.2710 0.2168 0.1626
f 781 782 783 784 color 0.2237 0.1790 0.1342
f 785 786 787 788 color 0.2238 0.1791 0.1343
f 789 790 791 792 color 0.2889 0.2311 0.1733
f 793 794 795 796 color 0.2665 0.2132 0.1599
f 797 798 799 800 color 0.2505 0.2004 0.1503
f 801 802 803 804 color 0.2170 0.1736 0.1302
f 805 806 807 808 color 0.2761 0.2209 0.1657
f 809 810 811 812 color 0.2334 0.1867 0.1400
f 813 814 815 816 color 0.2079 0.1663 0.1248
f 817 818 819 820 color 0.2067 0.1653 0.1240
f 821 822 823 824 color 0.2356 0.1885 0.1414
f 825 826 827 828 color 0.2333 0.1867 0.1400
f 829 830 831 832 color 0.2166 0.1733 0.1299
f 833 834 835 836 color 0.2351 0.1881 0.1411
f 837 838 839 840 color 0.2483 0.1986 0.1490
f 841 842 843 844 color 0.2896 0.2317 0.1737
f 845 846 847 848 color 0.2933 0.2346 0.1760
f 849 850 851 852 color 0.2189 0.1751 0.1313
f 853 854 855 856 color 0.2281 0.1825 0.1368
f 857 858 859 860 color 0.2506 0.2005 0.1503
f 861 862 863 864 color 0.2277 0.1822 0.1366
f 865 866 867 868 color 0.2079 0.1663 0.1247
f 869 870 871 872 color 0.2083 0.1666 0.1250
f 873 874 875 876 color 0.2077 0.1662 0.1246
f 877 878 879 880 color 0.2738 0.2190 0.1643
f 881 882 883 884 color 0.2989 0.2391 0.1794
f 885 886 887 888 color 0.2331 0.1864 0.1398
f 889 890 891 892 color 0.2185 0.1748 0.1311
f 893 894 895 896 color 0.2070 0.1656 0.1242
f 897 898 899 900 color 0.2716 0.2172 0.1629
f 901 902 903 904 color 0.2964 0.2371 0.1778
f 905 906 907 908 color 0.2217 0.1773 0.1330
f 909 910 911 912 color 0.2256 0.1805 0.1354
f 913 914 915 916 color 0.2405 0.1924 0.1443
f 917 918 919 920 color 0.2994 0.2395 0.1796
f 921 922 923 924 color 0.2864 0.2291 0.1719
f 925 926 927 928 color 0.2903 0.2323 0.1742
f 929 930 931 932 color 0.2467 0.1974 0.1480
f 933 934 935 936 color 0.2950 0.2360 0.1770
f 937 938 939 940 color 0.2543 0.2034 0.1526
f 941 942 943 944 color 0.2894 0.2315 0.1737
f 945 946 947 948 color 0.2236 0.1789 0.1342
f 949 950 951 952 color 0.2931 0.2345 0.1759
f 953 954 955 956 color 0.2972 0.2378 0.1783
f 957 958 959 960 color 0.2840 0.2272 0.1704
f 961 962 963 964 color 0.2889 0.2311 0.1734
f 965 966 967 968 color 0.2008 0.1607 0.1205
f 969 970 971 972 color 0.2881 0.2305 0.1728
f 973 974 975 976 color 0.2953 0.2362 0.1772
f 977 978 979 980 color 0.2747 0.2197 0.1648
f 981 982 983 984 color 0.2109 0.1688 0.1266
f 985 986 987 988 color 0.2455 0.1964 0.1473
f 989 990 991 992 color 0.2111 0.1689 0.1267
f 993 994 995 996 color 0.2314 0.1851 0.1388
f 997 998 999 1000 color 0.2376 0.1901 0.1426
f 1001 1002 1003 1004 color 0.2788 0.2230 0.1673
f 1005 1006 1007 1008 color 0.2154 0.1724 0.1293
f 1009 1010 1011 1012 color 0.2442 0.1954 0.1465
f 1013 1014 1015 1016 color 0.2726 0.2181 0.1636
f 1017 1018 1019 1020 color 0.2028 0.1623 0.1217
f 1021 1022 1023 1024 color 0.2226 0.1781 0.1336
f 1025 1026 1027 1028 color 0.2114 0.1691 0.1269
f 1029 1030 1031 1032 color 0.2901 0.2321 0.1741
f 1033 1034 1035 1036 color 0.2909 0.2327 0.1746
f 1037 1038 1039 1040 color 0.2642 0.2114 0.1585
f 1041 1042 1043 1044 color 0.2891 0.2313 0.1735
f 1045 1046 1047 1048 color 0.2218 0.1774 0.1331
f 1049 1050 1051 1052 color 0.2360 0.1888 0.1416
f 1053 1054 1055 1056 color 0.2937 0.2350 0.1762
f 1057 1058 1059 1060 color 0.2782 0.2226 0.1669
f 1061 1062 1063 1064 color 0.2584 0.2068 0.1551
f 1065 1066 1067 1068 color 0.2777 0.2222 0.1666
f 1069 1070 1071 1072 color 0.2815 0.2252 0.1689
f 1073 1074 1075 1076 color 0.2581 0.2065 0.1549
f 1077 1078 1079 1080 color 0.2661 0.2129 0.1597
f 1081 1082 1083 1084 color 0.2979 0.2383 0.1787
f 1085 1086 1087 1088 color 0.2698 0.2158 0.1619
f 1089 1090 1091 1092 color 0.2022 0.1618 0.1213
f 1093 1094 1095 1096 color 0.2318 0.1855 0.1391
f 1097 1098 1099 1100 color 0.2620 0.2096 0.1572
f 1101 1102 1103 1104 color 0.2445 0.1956 0.1467
