# wall.txt - brick wall
v -6.0000 0.0000 0.3000
v -5.0000 0.0000 0.3000
v -5.0000 0.5000 0.3000
v -6.0000 0.5000 0.3000
v -6.0000 0.0000 0.0000
v -6.0000 0.5000 0.0000
v -5.0000 0.5000 0.0000
v -5.0000 0.0000 0.0000
v -6.0000 0.5000 0.0000
v -6.0000 0.5000 0.3000
v -5.0000 0.5000 0.3000
v -5.0000 0.5000 0.0000
v -6.0000 0.0000 0.0000
v -5.0000 0.0000 0.0000
v -5.0000 0.0000 0.3000
v -6.0000 0.0000 0.3000
v -6.0000 0.0000 0.0000
v -6.0000 0.0000 0.3000
v -6.0000 0.5000 0.3000
v -6.0000 0.5000 0.0000
v -5.0000 0.0000 0.0000
v -5.0000 0.5000 0.0000
v -5.0000 0.5000 0.3000
v -5.0000 0.0000 0.3000
v -4.9200 0.0000 0.3000
v -3.9200 0.0000 0.3000
v -3.9200 0.5000 0.3000
v -4.9200 0.5000 0.3000
v -4.9200 0.0000 0.0000
v -4.9200 0.5000 0.0000
v -3.9200 0.5000 0.0000
v -3.9200 0.0000 0.0000
v -4.9200 0.5000 0.0000
v -4.9200 0.5000 0.3000
v -3.9200 0.5000 0.3000
v -3.9200 0.5000 0.0000
v -4.9200 0.0000 0.0000
v -3.9200 0.0000 0.0000
v -3.9200 0.0000 0.3000
v -4.9200 0.0000 0.3000
v -4.9200 0.0000 0.0000
v -4.9200 0.0000 0.3000
v -4.9200 0.5000 0.3000
v -4.9200 0.5000 0.0000
v -3.9200 0.0000 0.0000
v -3.9200 0.5000 0.0000
v -3.9200 0.5000 0.3000
v -3.9200 0.0000 0.3000
v -3.8400 0.0000 0.3000
v -2.8400 0.0000 0.3000
v -2.8400 0.5000 0.3000
v -3.8400 0.5000 0.3000
v -3.8400 0.0000 0.0000
v -3.8400 0.5000 0.0000
v -2.8400 0.5000 0.0000
v -2.8400 0.0000 0.0000
v -3.8400 0.5000 0.0000
v -3.8400 0.5000 0.3000
v -2.8400 0.5000 0.3000
v -2.8400 0.5000 0.0000
v -3.8400 0.0000 0.0000
v -2.8400 0.0000 0.0000
v -2.8400 0.0000 0.3000
v -3.8400 0.0000 0.3000
v -3.8400 0.0000 0.0000
v -3.8400 0.0000 0.3000
v -3.8400 0.5000 0.3000
v -3.8400 0.5000 0.0000
v -2.8400 0.0000 0.0000
v -2.8400 0.5000 0.0000
v -2.8400 0.5000 0.3000
v -2.8400 0.0000 0.3000
v -2.7600 0.0000 0.3000
v -1.7600 0.0000 0.3000
v -1.7600 0.5000 0.3000
v -2.7600 0.5000 0.3000
v -2.7600 0.0000 0.0000
v -2.7600 0.5000 0.0000
v -1.7600 0.5000 0.0000
v -1.7600 0.0000 0.0000
v -2.7600 0.5000 0.0000
v -2.7600 0.5000 0.3000
v -1.7600 0.5000 0.3000
v -1.7600 0.5000 0.0000
v -2.7600 0.0000 0.0000
v -1.7600 0.0000 0.0000
v -1.7600 0.0000 0.3000
v -2.7600 0.0000 0.3000
v -2.7600 0.0000 0.0000
v -2.7600 0.0000 0.3000
v -2.7600 0.5000 0.3000
v -2.7600 0.5000 0.0000
v -1.7600 0.0000 0.0000
v -1.7600 0.5000 0.0000
v -1.7600 0.5000 0.3000
v -1.7600 0.0000 0.3000
v -1.6800 0.0000 0.3000
v -0.6800 0.0000 0.3000
v -0.6800 0.5000 0.3000
v -1.6800 0.5000 0.3000
v -1.6800 0.0000 0.0000
v -1.6800 0.5000 0.0000
v -0.6800 0.5000 0.0000
v -0.6800 0.0000 0.0000
v -1.6800 0.5000 0.0000
v -1.6800 0.5000 0.3000
v -0.6800 0.5000 0.3000
v -0.6800 0.5000 0.0000
v -1.6800 0.0000 0.0000
v -0.6800 0.0000 0.0000
v -0.6800 0.0000 0.3000
v -1.6800 0.0000 0.3000
v -1.6800 0.0000 0.0000
v -1.6800 0.0000 0.3000
v -1.6800 0.5000 0.3000
v -1.6800 0.5000 0.0000
v -0.6800 0.0000 0.0000
v -0.6800 0.5000 0.0000
v -0.6800 0.5000 0.3000
v -0.6800 0.0000 0.3000
v -0.6000 0.0000 0.3000
v 0.4000 0.0000 0.3000
v 0.4000 0.5000 0.3000
v -0.6000 0.5000 0.3000
v -0.6000 0.0000 0.0000
v -0.6000 0.5000 0.0000
v 0.4000 0.5000 0.0000
v 0.4000 0.0000 0.0000
v -0.6000 0.5000 0.0000
v -0.6000 0.5000 0.3000
v 0.4000 0.5000 0.3000
v 0.4000 0.5000 0.0000
v -0.6000 0.0000 0.0000
v 0.4000 0.0000 0.0000
v 0.4000 0.0000 0.3000
v -0.6000 0.0000 0.3000
v -0.6000 0.0000 0.0000
v -0.6000 0.0000 0.3000
v -0.6000 0.5000 0.3000
v -0.6000 0.5000 0.0000
v 0.4000 0.0000 0.0000
v 0.4000 0.5000 0.0000
v 0.4000 0.5000 0.3000
v 0.4000 0.0000 0.3000
v 0.4800 0.0000 0.3000
v 1.4800 0.0000 0.3000
v 1.4800 0.5000 0.3000
v 0.4800 0.5000 0.3000
v 0.4800 0.0000 0.0000
v 0.4800 0.5000 0.0000
v 1.4800 0.5000 0.0000
v 1.4800 0.0000 0.0000
v 0.4800 0.5000 0.0000
v 0.4800 0.5000 0.3000
v 1.4800 0.5000 0.3000
v 1.4800 0.5000 0.0000
v 0.4800 0.0000 0.0000
v 1.4800 0.0000 0.0000
v 1.4800 0.0000 0.3000
v 0.4800 0.0000 0.3000
v 0.4800 0.0000 0.0000
v 0.4800 0.0000 0.3000
v 0.4800 0.5000 0.3000
v 0.4800 0.5000 0.0000
v 1.4800 0.0000 0.0000
v 1.4800 0.5000 0.0000
v 1.4800 0.5000 0.3000
v 1.4800 0.0000 0.3000
v 1.5600 0.0000 0.3000
v 2.5600 0.0000 0.3000
v 2.5600 0.5000 0.3000
v 1.5600 0.5000 0.3000
v 1.5600 0.0000 0.0000
v 1.5600 0.5000 0.0000
v 2.5600 0.5000 0.0000
v 2.5600 0.0000 0.0000
v 1.5600 0.5000 0.0000
v 1.5600 0.5000 0.3000
v 2.5600 0.5000 0.3000
v 2.5600 0.5000 0.0000
v 1.5600 0.0000 0.0000
v 2.5600 0.0000 0.0000
v 2.5600 0.0000 0.3000
v 1.5600 0.0000 0.3000
v 1.5600 0.0000 0.0000
v 1.5600 0.0000 0.3000
v 1.5600 0.5000 0.3000
v 1.5600 0.5000 0.0000
v 2.5600 0.0000 0.0000
v 2.5600 0.5000 0.0000
v 2.5600 0.5000 0.3000
v 2.5600 0.0000 0.3000
v 2.6400 0.0000 0.3000
v 3.6400 0.0000 0.3000
v 3.6400 0.5000 0.3000
v 2.6400 0.5000 0.3000
v 2.6400 0.0000 0.0000
v 2.6400 0.5000 0.0000
v 3.6400 0.5000 0.0000
v 3.6400 0.0000 0.0000
v 2.6400 0.5000 0.0000
v 2.6400 0.5000 0.3000
v 3.6400 0.5000 0.3000
v 3.6400 0.5000 0.0000
v 2.6400 0.0000 0.0000
v 3.6400 0.0000 0.0000
v 3.6400 0.0000 0.3000
v 2.6400 0.0000 0.3000
v 2.6400 0.0000 0.0000
v 2.6400 0.0000 0.3000
v 2.6400 0.5000 0.3000
v 2.6400 0.5000 0.0000
v 3.6400 0.0000 0.0000
v 3.6400 0.5000 0.0000
v 3.6400 0.5000 0.3000
v 3.6400 0.0000 0.3000
v 3.7200 0.0000 0.3000
v 4.7200 0.0000 0.3000
v 4.7200 0.5000 0.3000
v 3.7200 0.5000 0.3000
v 3.7200 0.0000 0.0000
v 3.7200 0.5000 0.0000
v 4.7200 0.5000 0.0000
v 4.7200 0.0000 0.0000
v 3.7200 0.5000 0.0000
v 3.7200 0.5000 0.3000
v 4.7200 0.5000 0.3000
v 4.7200 0.5000 0.0000
v 3.7200 0.0000 0.0000
v 4.7200 0.0000 0.0000
v 4.7200 0.0000 0.3000
v 3.7200 0.0000 0.3000
v 3.7200 0.0000 0.0000
v 3.7200 0.0000 0.3000
v 3.7200 0.5000 0.3000
v 3.7200 0.5000 0.0000
v 4.7200 0.0000 0.0000
v 4.7200 0.5000 0.0000
v 4.7200 0.5000 0.3000
v 4.7200 0.0000 0.3000
v 4.8000 0.0000 0.3000
v 5.8000 0.0000 0.3000
v 5.8000 0.5000 0.3000
v 4.8000 0.5000 0.3000
v 4.8000 0.0000 0.0000
v 4.8000 0.5000 0.0000
v 5.8000 0.5000 0.0000
v 5.8000 0.0000 0.0000
v 4.8000 0.5000 0.0000
v 4.8000 0.5000 0.3000
v 5.8000 0.5000 0.3000
v 5.8000 0.5000 0.0000
v 4.8000 0.0000 0.0000
v 5.8000 0.0000 0.0000
v 5.8000 0.0000 0.3000
v 4.8000 0.0000 0.3000
v 4.8000 0.0000 0.0000
v 4.8000 0.0000 0.3000
v 4.8000 0.5000 0.3000
v 4.8000 0.5000 0.0000
v 5.8000 0.0000 0.0000
v 5.8000 0.5000 0.0000
v 5.8000 0.5000 0.3000
v 5.8000 0.0000 0.3000
v 5.8800 0.0000 0.3000
v 6.0000 0.0000 0.3000
v 6.0000 0.5000 0.3000
v 5.8800 0.5000 0.3000
v 5.8800 0.0000 0.0000
v 5.8800 0.5000 0.0000
v 6.0000 0.5000 0.0000
v 6.0000 0.0000 0.0000
v 5.8800 0.5000 0.0000
v 5.8800 0.5000 0.3000
v 6.0000 0.5000 0.3000
v 6.0000 0.5000 0.0000
v 5.8800 0.0000 0.0000
v 6.0000 0.0000 0.0000
v 6.0000 0.0000 0.3000
v 5.8800 0.0000 0.3000
v 5.8800 0.0000 0.0000
v 5.8800 0.0000 0.3000
v 5.8800 0.5000 0.3000
v 5.8800 0.5000 0.0000
v 6.0000 0.0000 0.0000
v 6.0000 0.5000 0.0000
v 6.0000 0.5000 0.3000
v 6.0000 0.0000 0.3000
v -5.5000 0.5000 0.3000
v -4.5000 0.5000 0.3000
v -4.5000 1.0000 0.3000
v -5.5000 1.0000 0.3000
v -5.5000 0.5000 0.0000
v -5.5000 1.0000 0.0000
v -4.5000 1.0000 0.0000
v -4.5000 0.5000 0.0000
v -5.5000 1.0000 0.0000
v -5.5000 1.0000 0.3000
v -4.5000 1.0000 0.3000
v -4.5000 1.0000 0.0000
v -5.5000 0.5000 0.0000
v -4.5000 0.5000 0.0000
v -4.5000 0.5000 0.3000
v -5.5000 0.5000 0.3000
v -5.5000 0.5000 0.0000
v -5.5000 0.5000 0.3000
v -5.5000 1.0000 0.3000
v -5.5000 1.0000 0.0000
v -4.5000 0.5000 0.0000
v -4.5000 1.0000 0.0000
v -4.5000 1.0000 0.3000
v -4.5000 0.5000 0.3000
v -4.4200 0.5000 0.3000
v -3.4200 0.5000 0.3000
v -3.4200 1.0000 0.3000
v -4.4200 1.0000 0.3000
v -4.4200 0.5000 0.0000
v -4.4200 1.0000 0.0000
v -3.4200 1.0000 0.0000
v -3.4200 0.5000 0.0000
v -4.4200 1.0000 0.0000
v -4.4200 1.0000 0.3000
v -3.4200 1.0000 0.3000
v -3.4200 1.0000 0.0000
v -4.4200 0.5000 0.0000
v -3.4200 0.5000 0.0000
v -3.4200 0.5000 0.3000
v -4.4200 0.5000 0.3000
v -4.4200 0.5000 0.0000
v -4.4200 0.5000 0.3000
v -4.4200 1.0000 0.3000
v -4.4200 1.0000 0.0000
v -3.4200 0.5000 0.0000
v -3.4200 1.0000 0.0000
v -3.4200 1.0000 0.3000
v -3.4200 0.5000 0.3000
v -3.3400 0.5000 0.3000
v -2.3400 0.5000 0.3000
v -2.3400 1.0000 0.3000
v -3.3400 1.0000 0.3000
v -3.3400 0.5000 0.0000
v -3.3400 1.0000 0.0000
v -2.3400 1.0000 0.0000
v -2.3400 0.5000 0.0000
v -3.3400 1.0000 0.0000
v -3.3400 1.0000 0.3000
v -2.3400 1.0000 0.3000
v -2.3400 1.0000 0.0000
v -3.3400 0.5000 0.0000
v -2.3400 0.5000 0.0000
v -2.3400 0.5000 0.3000
v -3.3400 0.5000 0.3000
v -3.3400 0.5000 0.0000
v -3.3400 0.5000 0.3000
v -3.3400 1.0000 0.3000
v -3.3400 1.0000 0.0000
v -2.3400 0.5000 0.0000
v -2.3400 1.0000 0.0000
v -2.3400 1.0000 0.3000
v -2.3400 0.5000 0.3000
v -2.2600 0.5000 0.3000
v -1.2600 0.5000 0.3000
v -1.2600 1.0000 0.3000
v -2.2600 1.0000 0.3000
v -2.2600 0.5000 0.0000
v -2.2600 1.0000 0.0000
v -1.2600 1.0000 0.0000
v -1.2600 0.5000 0.0000
v -2.2600 1.0000 0.0000
v -2.2600 1.0000 0.3000
v -1.2600 1.0000 0.3000
v -1.2600 1.0000 0.0000
v -2.2600 0.5000 0.0000
v -1.2600 0.5000 0.0000
v -1.2600 0.5000 0.3000
v -2.2600 0.5000 0.3000
v -2.2600 0.5000 0.0000
v -2.2600 0.5000 0.3000
v -2.2600 1.0000 0.3000
v -2.2600 1.0000 0.0000
v -1.2600 0.5000 0.0000
v -1.2600 1.0000 0.0000
v -1.2600 1.0000 0.3000
v -1.2600 0.5000 0.3000
v -1.1800 0.5000 0.3000
v -0.1800 0.5000 0.3000
v -0.1800 1.0000 0.3000
v -1.1800 1.0000 0.3000
v -1.1800 0.5000 0.0000
v -1.1800 1.0000 0.0000
v -0.1800 1.0000 0.0000
v -0.1800 0.5000 0.0000
v -1.1800 1.0000 0.0000
v -1.1800 1.0000 0.3000
v -0.1800 1.0000 0.3000
v -0.1800 1.0000 0.0000
v -1.1800 0.5000 0.0000
v -0.1800 0.5000 0.0000
v -0.1800 0.5000 0.3000
v -1.1800 0.5000 0.3000
v -1.1800 0.5000 0.0000
v -1.1800 0.5000 0.3000
v -1.1800 1.0000 0.3000
v -1.1800 1.0000 0.0000
v -0.1800 0.5000 0.0000
v -0.1800 1.0000 0.0000
v -0.1800 1.0000 0.3000
v -0.1800 0.5000 0.3000
v -0.1000 0.5000 0.3000
v 0.9000 0.5000 0.3000
v 0.9000 1.0000 0.3000
v -0.1000 1.0000 0.3000
v -0.1000 0.5000 0.0000
v -0.1000 1.0000 0.0000
v 0.9000 1.0000 0.0000
v 0.9000 0.5000 0.0000
v -0.1000 1.0000 0.0000
v -0.1000 1.0000 0.3000
v 0.9000 1.0000 0.3000
v 0.9000 1.0000 0.0000
v -0.1000 0.5000 0.0000
v 0.9000 0.5000 0.0000
v 0.9000 0.5000 0.3000
v -0.1000 0.5000 0.3000
v -0.1000 0.5000 0.0000
v -0.1000 0.5000 0.3000
v -0.1000 1.0000 0.3000
v -0.1000 1.0000 0.0000
v 0.9000 0.5000 0.0000
v 0.9000 1.0000 0.0000
v 0.9000 1.0000 0.3000
v 0.9000 0.5000 0.3000
v 0.9800 0.5000 0.3000
v 1.9800 0.5000 0.3000
v 1.9800 1.0000 0.3000
v 0.9800 1.0000 0.3000
v 0.9800 0.5000 0.0000
v 0.9800 1.0000 0.0000
v 1.9800 1.0000 0.0000
v 1.9800 0.5000 0.0000
v 0.9800 1.0000 0.0000
v 0.9800 1.0000 0.3000
v 1.9800 1.0000 0.3000
v 1.9800 1.0000 0.0000
v 0.9800 0.5000 0.0000
v 1.9800 0.5000 0.0000
v 1.9800 0.5000 0.3000
v 0.9800 0.5000 0.3000
v 0.9800 0.5000 0.0000
v 0.9800 0.5000 0.3000
v 0.9800 1.0000 0.3000
v 0.9800 1.0000 0.0000
v 1.9800 0.5000 0.0000
v 1.9800 1.0000 0.0000
v 1.9800 1.0000 0.3000
v 1.9800 0.5000 0.3000
v 2.0600 0.5000 0.3000
v 3.0600 0.5000 0.3000
v 3.0600 1.0000 0.3000
v 2.0600 1.0000 0.3000
v 2.0600 0.5000 0.0000
v 2.0600 1.0000 0.0000
v 3.0600 1.0000 0.0000
v 3.0600 0.5000 0.0000
v 2.0600 1.0000 0.0000
v 2.0600 1.0000 0.3000
v 3.0600 1.0000 0.3000
v 3.0600 1.0000 0.0000
v 2.0600 0.5000 0.0000
v 3.0600 0.5000 0.0000
v 3.0600 0.5000 0.3000
v 2.0600 0.5000 0.3000
v 2.0600 0.5000 0.0000
v 2.0600 0.5000 0.3000
v 2.0600 1.0000 0.3000
v 2.0600 1.0000 0.0000
v 3.0600 0.5000 0.0000
v 3.0600 1.0000 0.0000
v 3.0600 1.0000 0.3000
v 3.0600 0.5000 0.3000
v 3.1400 0.5000 0.3000
v 4.1400 0.5000 0.3000
v 4.1400 1.0000 0.3000
v 3.1400 1.0000 0.3000
v 3.1400 0.5000 0.0000
v 3.1400 1.0000 0.0000
v 4.1400 1.0000 0.0000
v 4.1400 0.5000 0.0000
v 3.1400 1.0000 0.0000
v 3.1400 1.0000 0.3000
v 4.1400 1.0000 0.3000
v 4.1400 1.0000 0.0000
v 3.1400 0.5000 0.0000
v 4.1400 0.5000 0.0000
v 4.1400 0.5000 0.3000
v 3.1400 0.5000 0.3000
v 3.1400 0.5000 0.0000
v 3.1400 0.5000 0.3000
v 3.1400 1.0000 0.3000
v 3.1400 1.0000 0.0000
v 4.1400 0.5000 0.0000
v 4.1400 1.0000 0.0000
v 4.1400 1.0000 0.3000
v 4.1400 0.5000 0.3000
v 4.2200 0.5000 0.3000
v 5.2200 0.5000 0.3000
v 5.2200 1.0000 0.3000
v 4.2200 1.0000 0.3000
v 4.2200 0.5000 0.0000
v 4.2200 1.0000 0.0000
v 5.2200 1.0000 0.0000
v 5.2200 0.5000 0.0000
v 4.2200 1.0000 0.0000
v 4.2200 1.0000 0.3000
v 5.2200 1.0000 0.3000
v 5.2200 1.0000 0.0000
v 4.2200 0.5000 0.0000
v 5.2200 0.5000 0.0000
v 5.2200 0.5000 0.3000
v 4.2200 0.5000 0.3000
v 4.2200 0.5000 0.0000
v 4.2200 0.5000 0.3000
v 4.2200 1.0000 0.3000
v 4.2200 1.0000 0.0000
v 5.2200 0.5000 0.0000
v 5.2200 1.0000 0.0000
v 5.2200 1.0000 0.3000
v 5.2200 0.5000 0.3000
v 5.3000 0.5000 0.3000
v 6.0000 0.5000 0.3000
v 6.0000 1.0000 0.3000
v 5.3000 1.0000 0.3000
v 5.3000 0.5000 0.0000
v 5.3000 1.0000 0.0000
v 6.0000 1.0000 0.0000
v 6.0000 0.5000 0.0000
v 5.3000 1.0000 0.0000
v 5.3000 1.0000 0.3000
v 6.0000 1.0000 0.3000
v 6.0000 1.0000 0.0000
v 5.3000 0.5000 0.0000
v 6.0000 0.5000 0.0000
v 6.0000 0.5000 0.3000
v 5.3000 0.5000 0.3000
v 5.3000 0.5000 0.0000
v 5.3000 0.5000 0.3000
v 5.3000 1.0000 0.3000
v 5.3000 1.0000 0.0000
v 6.0000 0.5000 0.0000
v 6.0000 1.0000 0.0000
v 6.0000 1.0000 0.3000
v 6.0000 0.5000 0.3000
v -6.0000 1.0000 0.3000
v -5.0000 1.0000 0.3000
v -5.0000 1.5000 0.3000
v -6.0000 1.5000 0.3000
v -6.0000 1.0000 0.0000
v -6.0000 1.5000 0.0000
v -5.0000 1.5000 0.0000
v -5.0000 1.0000 0.0000
v -6.0000 1.5000 0.0000
v -6.0000 1.5000 0.3000
v -5.0000 1.5000 0.3000
v -5.0000 1.5000 0.0000
v -6.0000 1.0000 0.0000
v -5.0000 1.0000 0.0000
v -5.0000 1.0000 0.3000
v -6.0000 1.0000 0.3000
v -6.0000 1.0000 0.0000
v -6.0000 1.0000 0.3000
v -6.0000 1.5000 0.3000
v -6.0000 1.5000 0.0000
v -5.0000 1.0000 0.0000
v -5.0000 1.5000 0.0000
v -5.0000 1.5000 0.3000
v -5.0000 1.0000 0.3000
v -4.9200 1.0000 0.3000
v -3.9200 1.0000 0.3000
v -3.9200 1.5000 0.3000
v -4.9200 1.5000 0.3000
v -4.9200 1.0000 0.0000
v -4.9200 1.5000 0.0000
v -3.9200 1.5000 0.0000
v -3.9200 1.0000 0.0000
v -4.9200 1.5000 0.0000
v -4.9200 1.5000 0.3000
v -3.9200 1.5000 0.3000
v -3.9200 1.5000 0.0000
v -4.9200 1.0000 0.0000
v -3.9200 1.0000 0.0000
v -3.9200 1.0000 0.3000
v -4.9200 1.0000 0.3000
v -4.9200 1.0000 0.0000
v -4.9200 1.0000 0.3000
v -4.9200 1.5000 0.3000
v -4.9200 1.5000 0.0000
v -3.9200 1.0000 0.0000
v -3.9200 1.5000 0.0000
v -3.9200 1.5000 0.3000
v -3.9200 1.0000 0.3000
v -3.8400 1.0000 0.3000
v -2.8400 1.0000 0.3000
v -2.8400 1.5000 0.3000
v -3.8400 1.5000 0.3000
v -3.8400 1.0000 0.0000
v -3.8400 1.5000 0.0000
v -2.8400 1.5000 0.0000
v -2.8400 1.0000 0.0000
v -3.8400 1.5000 0.0000
v -3.8400 1.5000 0.3000
v -2.8400 1.5000 0.3000
v -2.8400 1.5000 0.0000
v -3.8400 1.0000 0.0000
v -2.8400 1.0000 0.0000
v -2.8400 1.0000 0.3000
v -3.8400 1.0000 0.3000
v -3.8400 1.0000 0.0000
v -3.8400 1.0000 0.3000
v -3.8400 1.5000 0.3000
v -3.8400 1.5000 0.0000
v -2.8400 1.0000 0.0000
v -2.8400 1.5000 0.0000
v -2.8400 1.5000 0.3000
v -2.8400 1.0000 0.3000
v -2.7600 1.0000 0.3000
v -1.7600 1.0000 0.3000
v -1.7600 1.5000 0.3000
v -2.7600 1.5000 0.3000
v -2.7600 1.0000 0.0000
v -2.7600 1.5000 0.0000
v -1.7600 1.5000 0.0000
v -1.7600 1.0000 0.0000
v -2.7600 1.5000 0.0000
v -2.7600 1.5000 0.3000
v -1.7600 1.5000 0.3000
v -1.7600 1.5000 0.0000
v -2.7600 1.0000 0.0000
v -1.7600 1.0000 0.0000
v -1.7600 1.0000 0.3000
v -2.7600 1.0000 0.3000
v -2.7600 1.0000 0.0000
v -2.7600 1.0000 0.3000
v -2.7600 1.5000 0.3000
v -2.7600 1.5000 0.0000
v -1.7600 1.0000 0.0000
v -1.7600 1.5000 0.0000
v -1.7600 1.5000 0.3000
v -1.7600 1.0000 0.3000
v -1.6800 1.0000 0.3000
v -0.6800 1.0000 0.3000
v -0.6800 1.5000 0.3000
v -1.6800 1.5000 0.3000
v -1.6800 1.0000 0.0000
v -1.6800 1.5000 0.0000
v -0.6800 1.5000 0.0000
v -0.6800 1.0000 0.0000
v -1.6800 1.5000 0.0000
v -1.6800 1.5000 0.3000
v -0.6800 1.5000 0.3000
v -0.6800 1.5000 0.0000
v -1.6800 1.0000 0.0000
v -0.6800 1.0000 0.0000
v -0.6800 1.0000 0.3000
v -1.6800 1.0000 0.3000
v -1.6800 1.0000 0.0000
v -1.6800 1.0000 0.3000
v -1.6800 1.5000 0.3000
v -1.6800 1.5000 0.0000
v -0.6800 1.0000 0.0000
v -0.6800 1.5000 0.0000
v -0.6800 1.5000 0.3000
v -0.6800 1.0000 0.3000
v -0.6000 1.0000 0.3000
v 0.4000 1.0000 0.3000
v 0.4000 1.5000 0.3000
v -0.6000 1.5000 0.3000
v -0.6000 1.0000 0.0000
v -0.6000 1.5000 0.0000
v 0.4000 1.5000 0.0000
v 0.4000 1.0000 0.0000
v -0.6000 1.5000 0.0000
v -0.6000 1.5000 0.3000
v 0.4000 1.5000 0.3000
v 0.4000 1.5000 0.0000
v -0.6000 1.0000 0.0000
v 0.4000 1.0000 0.0000
v 0.4000 1.0000 0.3000
v -0.6000 1.0000 0.3000
v -0.6000 1.0000 0.0000
v -0.6000 1.0000 0.3000
v -0.6000 1.5000 0.3000
v -0.6000 1.5000 0.0000
v 0.4000 1.0000 0.0000
v 0.4000 1.5000 0.0000
v 0.4000 1.5000 0.3000
v 0.4000 1.0000 0.3000
v 0.4800 1.0000 0.3000
v 1.4800 1.0000 0.3000
v 1.4800 1.5000 0.3000
v 0.4800 1.5000 0.3000
v 0.4800 1.0000 0.0000
v 0.4800 1.5000 0.0000
v 1.4800 1.5000 0.0000
v 1.4800 1.0000 0.0000
v 0.4800 1.5000 0.0000
v 0.4800 1.5000 0.3000
v 1.4800 1.5000 0.3000
v 1.4800 1.5000 0.0000
v 0.4800 1.0000 0.0000
v 1.4800 1.0000 0.0000
v 1.4800 1.0000 0.3000
v 0.4800 1.0000 0.3000
v 0.4800 1.0000 0.0000
v 0.4800 1.0000 0.3000
v 0.4800 1.5000 0.3000
v 0.4800 1.5000 0.0000
v 1.4800 1.0000 0.0000
v 1.4800 1.5000 0.0000
v 1.4800 1.5000 0.3000
v 1.4800 1.0000 0.3000
v 1.5600 1.0000 0.3000
v 2.5600 1.0000 0.3000
v 2.5600 1.5000 0.3000
v 1.5600 1.5000 0.3000
v 1.5600 1.0000 0.0000
v 1.5600 1.5000 0.0000
v 2.5600 1.5000 0.0000
v 2.5600 1.0000 0.0000
v 1.5600 1.5000 0.0000
v 1.5600 1.5000 0.3000
v 2.5600 1.5000 0.3000
v 2.5600 1.5000 0.0000
v 1.5600 1.0000 0.0000
v 2.5600 1.0000 0.0000
v 2.5600 1.0000 0.3000
v 1.5600 1.0000 0.3000
v 1.5600 1.0000 0.0000
v 1.5600 1.0000 0.3000
v 1.5600 1.5000 0.3000
v 1.5600 1.5000 0.0000
v 2.5600 1.0000 0.0000
v 2.5600 1.5000 0.0000
v 2.5600 1.5000 0.3000
v 2.5600 1.0000 0.3000
v 2.6400 1.0000 0.3000
v 3.6400 1.0000 0.3000
v 3.6400 1.5000 0.3000
v 2.6400 1.5000 0.3000
v 2.6400 1.0000 0.0000
v 2.6400 1.5000 0.0000
v 3.6400 1.5000 0.0000
v 3.6400 1.0000 0.0000
v 2.6400 1.5000 0.0000
v 2.6400 1.5000 0.3000
v 3.6400 1.5000 0.3000
v 3.6400 1.5000 0.0000
v 2.6400 1.0000 0.0000
v 3.6400 1.0000 0.0000
v 3.6400 1.0000 0.3000
v 2.6400 1.0000 0.3000
v 2.6400 1.0000 0.0000
v 2.6400 1.0000 0.3000
v 2.6400 1.5000 0.3000
v 2.6400 1.5000 0.0000
v 3.6400 1.0000 0.0000
v 3.6400 1.5000 0.0000
v 3.6400 1.5000 0.3000
v 3.6400 1.0000 0.3000
v 3.7200 1.0000 0.3000
v 4.7200 1.0000 0.3000
v 4.7200 1.5000 0.3000
v 3.7200 1.5000 0.3000
v 3.7200 1.0000 0.0000
v 3.7200 1.5000 0.0000
v 4.7200 1.5000 0.0000
v 4.7200 1.0000 0.0000
v 3.7200 1.5000 0.0000
v 3.7200 1.5000 0.3000
v 4.7200 1.5000 0.3000
v 4.7200 1.5000 0.0000
v 3.7200 1.0000 0.0000
v 4.7200 1.0000 0.0000
v 4.7200 1.0000 0.3000
v 3.7200 1.0000 0.3000
v 3.7200 1.0000 0.0000
v 3.7200 1.0000 0.3000
v 3.7200 1.5000 0.3000
v 3.7200 1.5000 0.0000
v 4.7200 1.0000 0.0000
v 4.7200 1.5000 0.0000
v 4.7200 1.5000 0.3000
v 4.7200 1.0000 0.3000
v 4.8000 1.0000 0.3000
v 5.8000 1.0000 0.3000
v 5.8000 1.5000 0.3000
v 4.8000 1.5000 0.3000
v 4.8000 1.0000 0.0000
v 4.8000 1.5000 0.0000
v 5.8000 1.5000 0.0000
v 5.8000 1.0000 0.0000
v 4.8000 1.5000 0.0000
v 4.8000 1.5000 0.3000
v 5.8000 1.5000 0.3000
v 5.8000 1.5000 0.0000
v 4.8000 1.0000 0.0000
v 5.8000 1.0000 0.0000
v 5.8000 1.0000 0.3000
v 4.8000 1.0000 0.3000
v 4.8000 1.0000 0.0000
v 4.8000 1.0000 0.3000
v 4.8000 1.5000 0.3000
v 4.8000 1.5000 0.0000
v 5.8000 1.0000 0.0000
v 5.8000 1.5000 0.0000
v 5.8000 1.5000 0.3000
v 5.8000 1.0000 0.3000
v 5.8800 1.0000 0.3000
v 6.0000 1.0000 0.3000
v 6.0000 1.5000 0.3000
v 5.8800 1.5000 0.3000
v 5.8800 1.0000 0.0000
v 5.8800 1.5000 0.0000
v 6.0000 1.5000 0.0000
v 6.0000 1.0000 0.0000
v 5.8800 1.5000 0.0000
v 5.8800 1.5000 0.3000
v 6.0000 1.5000 0.3000
v 6.0000 1.5000 0.0000
v 5.8800 1.0000 0.0000
v 6.0000 1.0000 0.0000
v 6.0000 1.0000 0.3000
v 5.8800 1.0000 0.3000
v 5.8800 1.0000 0.0000
v 5.8800 1.0000 0.3000
v 5.8800 1.5000 0.3000
v 5.8800 1.5000 0.0000
v 6.0000 1.0000 0.0000
v 6.0000 1.5000 0.0000
v 6.0000 1.5000 0.3000
v 6.0000 1.0000 0.3000
v -5.5000 1.5000 0.3000
v -4.5000 1.5000 0.3000
v -4.5000 2.0000 0.3000
v -5.5000 2.0000 0.3000
v -5.5000 1.5000 0.0000
v -5.5000 2.0000 0.0000
v -4.5000 2.0000 0.0000
v -4.5000 1.5000 0.0000
v -5.5000 2.0000 0.0000
v -5.5000 2.0000 0.3000
v -4.5000 2.0000 0.3000
v -4.5000 2.0000 0.0000
v -5.5000 1.5000 0.0000
v -4.5000 1.5000 0.0000
v -4.5000 1.5000 0.3000
v -5.5000 1.5000 0.3000
v -5.5000 1.5000 0.0000
v -5.5000 1.5000 0.3000
v -5.5000 2.0000 0.3000
v -5.5000 2.0000 0.0000
v -4.5000 1.5000 0.0000
v -4.5000 2.0000 0.0000
v -4.5000 2.0000 0.3000
v -4.5000 1.5000 0.3000
v -4.4200 1.5000 0.3000
v -3.4200 1.5000 0.3000
v -3.4200 2.0000 0.3000
v -4.4200 2.0000 0.3000
v -4.4200 1.5000 0.0000
v -4.4200 2.0000 0.0000
v -3.4200 2.0000 0.0000
v -3.4200 1.5000 0.0000
v -4.4200 2.0000 0.0000
v -4.4200 2.0000 0.3000
v -3.4200 2.0000 0.3000
v -3.4200 2.0000 0.0000
v -4.4200 1.5000 0.0000
v -3.4200 1.5000 0.0000
v -3.4200 1.5000 0.3000
v -4.4200 1.5000 0.3000
v -4.4200 1.5000 0.0000
v -4.4200 1.5000 0.3000
v -4.4200 2.0000 0.3000
v -4.4200 2.0000 0.0000
v -3.4200 1.5000 0.0000
v -3.4200 2.0000 0.0000
v -3.4200 2.0000 0.3000
v -3.4200 1.5000 0.3000
v -3.3400 1.5000 0.3000
v -2.3400 1.5000 0.3000
v -2.3400 2.0000 0.3000
v -3.3400 2.0000 0.3000
v -3.3400 1.5000 0.0000
v -3.3400 2.0000 0.0000
v -2.3400 2.0000 0.0000
v -2.3400 1.5000 0.0000
v -3.3400 2.0000 0.0000
v -3.3400 2.0000 0.3000
v -2.3400 2.0000 0.3000
v -2.3400 2.0000 0.0000
v -3.3400 1.5000 0.0000
v -2.3400 1.5000 0.0000
v -2.3400 1.5000 0.3000
v -3.3400 1.5000 0.3000
v -3.3400 1.5000 0.0000
v -3.3400 1.5000 0.3000
v -3.3400 2.0000 0.3000
v -3.3400 2.0000 0.0000
v -2.3400 1.5000 0.0000
v -2.3400 2.0000 0.0000
v -2.3400 2.0000 0.3000
v -2.3400 1.5000 0.3000
v -2.2600 1.5000 0.3000
v -1.2600 1.5000 0.3000
v -1.2600 2.0000 0.3000
v -2.2600 2.0000 0.3000
v -2.2600 1.5000 0.0000
v -2.2600 2.0000 0.0000
v -1.2600 2.0000 0.0000
v -1.2600 1.5000 0.0000
v -2.2600 2.0000 0.0000
v -2.2600 2.0000 0.3000
v -1.2600 2.0000 0.3000
v -1.2600 2.0000 0.0000
v -2.2600 1.5000 0.0000
v -1.2600 1.5000 0.0000
v -1.2600 1.5000 0.3000
v -2.2600 1.5000 0.3000
v -2.2600 1.5000 0.0000
v -2.2600 1.5000 0.3000
v -2.2600 2.0000 0.3000
v -2.2600 2.0000 0.0000
v -1.2600 1.5000 0.0000
v -1.2600 2.0000 0.0000
v -1.2600 2.0000 0.3000
v -1.2600 1.5000 0.3000
v -1.1800 1.5000 0.3000
v -0.1800 1.5000 0.3000
v -0.1800 2.0000 0.3000
v -1.1800 2.0000 0.3000
v -1.1800 1.5000 0.0000
v -1.1800 2.0000 0.0000
v -0.1800 2.0000 0.0000
v -0.1800 1.5000 0.0000
v -1.1800 2.0000 0.0000
v -1.1800 2.0000 0.3000
v -0.1800 2.0000 0.3000
v -0.1800 2.0000 0.0000
v -1.1800 1.5000 0.0000
v -0.1800 1.5000 0.0000
v -0.1800 1.5000 0.3000
v -1.1800 1.5000 0.3000
v -1.1800 1.5000 0.0000
v -1.1800 1.5000 0.3000
v -1.1800 2.0000 0.3000
v -1.1800 2.0000 0.0000
v -0.1800 1.5000 0.0000
v -0.1800 2.0000 0.0000
v -0.1800 2.0000 0.3000
v -0.1800 1.5000 0.3000
v -0.1000 1.5000 0.3000
v 0.9000 1.5000 0.3000
v 0.9000 2.0000 0.3000
v -0.1000 2.0000 0.3000
v -0.1000 1.5000 0.0000
v -0.1000 2.0000 0.0000
v 0.9000 2.0000 0.0000
v 0.9000 1.5000 0.0000
v -0.1000 2.0000 0.0000
v -0.1000 2.0000 0.3000
v 0.9000 2.0000 0.3000
v 0.9000 2.0000 0.0000
v -0.1000 1.5000 0.0000
v 0.9000 1.5000 0.0000
v 0.9000 1.5000 0.3000
v -0.1000 1.5000 0.3000
v -0.1000 1.5000 0.0000
v -0.1000 1.5000 0.3000
v -0.1000 2.0000 0.3000
v -0.1000 2.0000 0.0000
v 0.9000 1.5000 0.0000
v 0.9000 2.0000 0.0000
v 0.9000 2.0000 0.3000
v 0.9000 1.5000 0.3000
v 0.9800 1.5000 0.3000
v 1.9800 1.5000 0.3000
v 1.9800 2.0000 0.3000
v 0.9800 2.0000 0.3000
v 0.9800 1.5000 0.0000
v 0.9800 2.0000 0.0000
v 1.9800 2.0000 0.0000
v 1.9800 1.5000 0.0000
v 0.9800 2.0000 0.0000
v 0.9800 2.0000 0.3000
v 1.9800 2.0000 0.3000
v 1.9800 2.0000 0.0000
v 0.9800 1.5000 0.0000
v 1.9800 1.5000 0.0000
v 1.9800 1.5000 0.3000
v 0.9800 1.5000 0.3000
v 0.9800 1.5000 0.0000
v 0.9800 1.5000 0.3000
v 0.9800 2.0000 0.3000
v 0.9800 2.0000 0.0000
v 1.9800 1.5000 0.0000
v 1.9800 2.0000 0.0000
v 1.9800 2.0000 0.3000
v 1.9800 1.5000 0.3000
v 2.0600 1.5000 0.3000
v 3.0600 1.5000 0.3000
v 3.0600 2.0000 0.3000
v 2.0600 2.0000 0.3000
v 2.0600 1.5000 0.0000
v 2.0600 2.0000 0.0000
v 3.0600 2.0000 0.0000
v 3.0600 1.5000 0.0000
v 2.0600 2.0000 0.0000
v 2.0600 2.0000 0.3000
v 3.0600 2.0000 0.3000
v 3.0600 2.0000 0.0000
v 2.0600 1.5000 0.0000
v 3.0600 1.5000 0.0000
v 3.0600 1.5000 0.3000
v 2.0600 1.5000 0.3000
v 2.0600 1.5000 0.0000
v 2.0600 1.5000 0.3000
v 2.0600 2.0000 0.3000
v 2.0600 2.0000 0.0000
v 3.0600 1.5000 0.0000
v 3.0600 2.0000 0.0000
v 3.0600 2.0000 0.3000
v 3.0600 1.5000 0.3000
v 3.1400 1.5000 0.3000
v 4.1400 1.5000 0.3000
v 4.1400 2.0000 0.3000
v 3.1400 2.0000 0.3000
v 3.1400 1.5000 0.0000
v 3.1400 2.0000 0.0000
v 4.1400 2.0000 0.0000
v 4.1400 1.5000 0.0000
v 3.1400 2.0000 0.0000
v 3.1400 2.0000 0.3000
v 4.1400 2.0000 0.3000
v 4.1400 2.0000 0.0000
v 3.1400 1.5000 0.0000
v 4.1400 1.5000 0.0000
v 4.1400 1.5000 0.3000
v 3.1400 1.5000 0.3000
v 3.1400 1.5000 0.0000
v 3.1400 1.5000 0.3000
v 3.1400 2.0000 0.3000
v 3.1400 2.0000 0.0000
v 4.1400 1.5000 0.0000
v 4.1400 2.0000 0.0000
v 4.1400 2.0000 0.3000
v 4.1400 1.5000 0.3000
v 4.2200 1.5000 0.3000
v 5.2200 1.5000 0.3000
v 5.2200 2.0000 0.3000
v 4.2200 2.0000 0.3000
v 4.2200 1.5000 0.0000
v 4.2200 2.0000 0.0000
v 5.2200 2.0000 0.0000
v 5.2200 1.5000 0.0000
v 4.2200 2.0000 0.0000
v 4.2200 2.0000 0.3000
v 5.2200 2.0000 0.3000
v 5.2200 2.0000 0.0000
v 4.2200 1.5000 0.0000
v 5.2200 1.5000 0.0000
v 5.2200 1.5000 0.3000
v 4.2200 1.5000 0.3000
v 4.2200 1.5000 0.0000
v 4.2200 1.5000 0.3000
v 4.2200 2.0000 0.3000
v 4.2200 2.0000 0.0000
v 5.2200 1.5000 0.0000
v 5.2200 2.0000 0.0000
v 5.2200 2.0000 0.3000
v 5.2200 1.5000 0.3000
v 5.3000 1.5000 0.3000
v 6.0000 1.5000 0.3000
v 6.0000 2.0000 0.3000
v 5.3000 2.0000 0.3000
v 5.3000 1.5000 0.0000
v 5.3000 2.0000 0.0000
v 6.0000 2.0000 0.0000
v 6.0000 1.5000 0.0000
v 5.3000 2.0000 0.0000
v 5.3000 2.0000 0.3000
v 6.0000 2.0000 0.3000
v 6.0000 2.0000 0.0000
v 5.3000 1.5000 0.0000
v 6.0000 1.5000 0.0000
v 6.0000 1.5000 0.3000
v 5.3000 1.5000 0.3000
v 5.3000 1.5000 0.0000
v 5.3000 1.5000 0.3000
v 5.3000 2.0000 0.3000
v 5.3000 2.0000 0.0000
v 6.0000 1.5000 0.0000
v 6.0000 2.0000 0.0000
v 6.0000 2.0000 0.3000
v 6.0000 1.5000 0.3000
f 1 2 3 4 color 0.5294 0.5294 0.5294
f 5 6 7 8 color 0.5199 0.5199 0.5199
f 9 10 11 12 color 0.5090 0.5090 0.5090
f 13 14 15 16 color 0.5253 0.5253 0.5253
f 17 18 19 20 color 0.4581 0.4581 0.4581
f 21 22 23 24 color 0.5161 0.5161 0.5161
f 25 26 27 28 color 0.4839 0.4839 0.4839
f 29 30 31 32 color 0.5236 0.5236 0.5236
f 33 34 35 36 color 0.4927 0.4927 0.4927
f 37 38 39 40 color 0.5069 0.5069 0.5069
f 41 42 43 44 color 0.4614 0.4614 0.4614
f 45 46 47 48 color 0.4555 0.4555 0.4555
f 49 50 51 52 color 0.5474 0.5474 0.5474
f 53 54 55 56 color 0.5205 0.5205 0.5205
f 57 58 59 60 color 0.4676 0.4676 0.4676
f 61 62 63 64 color 0.5475 0.5475 0.5475
f 65 66 67 68 color 0.4777 0.4777 0.4777
f 69 70 71 72 color 0.4854 0.4854 0.4854
f 73 74 75 76 color 0.4972 0.4972 0.4972
f 77 78 79 80 color 0.5179 0.5179 0.5179
f 81 82 83 84 color 0.5075 0.5075 0.5075
f 85 86 87 88 color 0.5297 0.5297 0.5297
f 89 90 91 92 color 0.4952 0.4952 0.4952
f 93 94 95 96 color 0.4682 0.4682 0.4682
f 97 98 99 100 color 0.5160 0.5160 0.5160
f 101 102 103 104 color 0.4711 0.4711 0.4711
f 105 106 107 108 color 0.5097 0.5097 0.5097
f 109 110 111 112 color 0.4644 0.4644 0.4644
f 113 114 115 116 color 0.5330 0.5330 0.5330
f 117 118 119 120 color 0.5083 0.5083 0.5083
f 121 122 123 124 color 0.4525 0.4525 0.4525
f 125 126 127 128 color 0.5336 0.5336 0.5336
f 129 130 131 132 color 0.4550 0.4550 0.4550
f 133 134 135 136 color 0.5330 0.5330 0.5330
f 137 138 139 140 color 0.5127 0.5127 0.5127
f 141 142 143 144 color 0.5327 0.5327 0.5327
f 145 146 147 148 color 0.4681 0.4681 0.4681
f 149 150 151 152 color 0.4755 0.4755 0.4755
f 153 154 155 156 color 0.5421 0.5421 0.5421
f 157 158 159 160 color 0.4817 0.4817 0.4817
f 161 162 163 164 color 0.4579 0.4579 0.4579
f 165 166 167 168 color 0.4855 0.4855 0.4855
f 169 170 171 172 color 0.5421 0.5421 0.5421
f 173 174 175 176 color 0.4525 0.4525 0.4525
f 177 178 179 180 color 0.5177 0.5177 0.5177
f 181 182 183 184 color 0.5245 0.5245 0.5245
f 185 186 187 188 color 0.5053 0.5053 0.5053
f 189 190 191 192 color 0.4618 0.4618 0.4618
f 193 194 195 196 color 0.4634 0.4634 0.4634
f 197 198 199 200 color 0.4533 0.4533 0.4533
f 201 202 203 204 color 0.4999 0.4999 0.4999
f 205 206 207 208 color 0.5189 0.5189 0.5189
f 209 210 211 212 color 0.5007 0.5007 0.5007
f 213 214 215 216 color 0.5356 0.5356 0.5356
f 217 218 219 220 color 0.4640 0.4640 0.4640
f 221 222 223 224 color 0.4793 0.4793 0.4793
f 225 226 227 228 color 0.5378 0.5378 0.5378
f 229 230 231 232 color 0.5265 0.5265 0.5265
f 233 234 235 236 color 0.5196 0.5196 0.5196
f 237 238 239 240 color 0.5149 0.5149 0.5149
f 241 242 243 244 color 0.5339 0.5339 0.5339
f 245 246 247 248 color 0.4510 0.4510 0.4510
f 249 250 251 252 color 0.4554 0.4554 0.4554
f 253 254 255 256 color 0.5269 0.5269 0.5269
f 257 258 259 260 color 0.4905 0.4905 0.4905
f 261 262 263 264 color 0.5460 0.5460 0.5460
f 265 266 267 268 color 0.5487 0.5487 0.5487
f 269 270 271 272 color 0.4885 0.4885 0.4885
f 273 274 275 276 color 0.4795 0.4795 0.4795
f 277 278 279 280 color 0.4772 0.4772 0.4772
f 281 282 283 284 color 0.5385 0.5385 0.5385
f 285 286 287 288 color 0.5456 0.5456 0.5456
f 289 290 291 292 color 0.5094 0.5094 0.5094
f 293 294 295 296 color 0.5258 0.5258 0.5258
f 297 298 299 300 color 0.4562 0.4562 0.4562
f 301 302 303 304 color 0.4863 0.4863 0.4863
f 305 306 307 308 color 0.5141 0.5141 0.5141
f 309 310 311 312 color 0.5447 0.5447 0.5447
f 313 314 315 316 color 0.5250 0.5250 0.5250
f 317 318 319 320 color 0.4602 0.4602 0.4602
f 321 322 323 324 color 0.4676 0.4676 0.4676
f 325 326 327 328 color 0.4552 0.4552 0.4552
f 329 330 331 332 color 0.4723 0.4723 0.4723
f 333 334 335 336 color 0.4648 0.4648 0.4648
f 337 338 339 340 color 0.4929 0.4929 0.4929
f 341 342 343 344 color 0.5103 0.5103 0.5103
f 345 346 347 348 color 0.4771 0.4771 0.4771
f 349 350 351 352 color 0.5325 0.5325 0.5325
f 353 354 355 356 color 0.4785 0.4785 0.4785
f 357 358 359 360 color 0.4702 0.4702 0.4702
f 361 362 363 364 color 0.4650 0.4650 0.4650
f 365 366 367 368 color 0.5268 0.5268 0.5268
f 369 370 371 372 color 0.4552 0.4552 0.4552
f 373 374 375 376 color 0.5303 0.5303 0.5303
f 377 378 379 380 color 0.5189 0.5189 0.5189
f 381 382 383 384 color 0.4645 0.4645 0.4645
f 385 386 387 388 color 0.5437 0.5437 0.5437
f 389 390 391 392 color 0.5308 0.5308 0.5308
f 393 394 395 396 color 0.4887 0.4887 0.4887
f 397 398 399 400 color 0.5296 0.5296 0.5296
f 401 402 403 404 color 0.4568 0.4568 0.4568
f 405 406 407 408 color 0.5183 0.5183 0.5183
f 409 410 411 412 color 0.5028 0.5028 0.5028
f 413 414 415 416 color 0.5299 0.5299 0.5299
f 417 418 419 420 color 0.4573 0.4573 0.4573
f 421 422 423 424 color 0.5015 0.5015 0.5015
f 425 426 427 428 color 0.5197 0.5197 0.5197
f 429 430 431 432 color 0.5050 0.5050 0.5050
f 433 434 435 436 color 0.4597 0.4597 0.4597
f 437 438 439 440 color 0.5151 0.5151 0.5151
f 441 442 443 444 color 0.4573 0.4573 0.4573
f 445 446 447 448 color 0.4699 0.4699 0.4699
f 449 450 451 452 color 0.5306 0.5306 0.5306
f 453 454 455 456 color 0.5184 0.5184 0.5184
f 457 458 459 460 color 0.5493 0.5493 0.5493
f 461 462 463 464 color 0.5172 0.5172 0.5172
f 465 466 467 468 color 0.5325 0.5325 0.5325
f 469 470 471 472 color 0.5480 0.5480 0.5480
f 473 474 475 476 color 0.4867 0.4867 0.4867
f 477 478 479 480 color 0.4862 0.4862 0.4862
f 481 482 483 484 color 0.5443 0.5443 0.5443
f 485 486 487 488 color 0.5447 0.5447 0.5447
f 489 490 491 492 color 0.5318 0.5318 0.5318
f 493 494 495 496 color 0.5362 0.5362 0.5362
f 497 498 499 500 color 0.5180 0.5180 0.5180
f 501 502 503 504 color 0.5154 0.5154 0.5154
f 505 506 507 508 color 0.5043 0.5043 0.5043
f 509 510 511 512 color 0.5386 0.5386 0.5386
f 513 514 515 516 color 0.4907 0.4907 0.4907
f 517 518 519 520 color 0.4553 0.4553 0.4553
f 521 522 523 524 color 0.4853 0.4853 0.4853
f 525 526 527 528 color 0.4517 0.4517 0.4517
f 529 530 531 532 color 0.4596 0.4596 0.4596
f 533 534 535 536 color 0.5068 0.5068 0.5068
f 537 538 539 540 color 0.5161 0.5161 0.5161
f 541 542 543 544 color 0.5294 0.5294 0.5294
f 545 546 547 548 color 0.5470 0.5470 0.5470
f 549 550 551 552 color 0.4839 0.4839 0.4839
f 553 554 555 556 color 0.4701 0.4701 0.4701
f 557 558 559 560 color 0.4793 0.4793 0.4793
f 561 562 563 564 color 0.4893 0.4893 0.4893
f 565 566 567 568 color 0.5248 0.5248 0.5248
f 569 570 571 572 color 0.5063 0.5063 0.5063
f 573 574 575 576 color 0.5327 0.5327 0.5327
f 577 578 579 580 color 0.5024 0.5024 0.5024
f 581 582 583 584 color 0.4525 0.4525 0.4525
f 585 586 587 588 color 0.4802 0.4802 0.4802
f 589 590 591 592 color 0.4795 0.4795 0.4795
f 593 594 595 596 color 0.4708 0.4708 0.4708
f 597 598 599 600 color 0.4572 0.4572 0.4572
f 601 602 603 604 color 0.5457 0.5457 0.5457
f 605 606 607 608 color 0.5314 0.5314 0.5314
f 609 610 611 612 color 0.5283 0.5283 0.5283
f 613 614 615 616 color 0.4654 0.4654 0.4654
f 617 618 619 620 color 0.4778 0.4778 0.4778
f 621 622 623 624 color 0.4772 0.4772 0.4772
f 625 626 627 628 color 0.4957 0.4957 0.4957
f 629 630 631 632 color 0.5292 0.5292 0.5292
f 633 634 635 636 color 0.5146 0.5146 0.5146
f 637 638 639 640 color 0.4771 0.4771 0.4771
f 641 642 643 644 color 0.5326 0.5326 0.5326
f 645 646 647 648 color 0.5340 0.5340 0.5340
f 649 650 651 652 color 0.4877 0.4877 0.4877
f 653 654 655 656 color 0.5389 0.5389 0.5389
f 657 658 659 660 color 0.5287 0.5287 0.5287
f 661 662 663 664 color 0.5059 0.5059 0.5059
f 665 666 667 668 color 0.5292 0.5292 0.5292
f 669 670 671 672 color 0.4519 0.4519 0.4519
f 673 674 675 676 color 0.5055 0.5055 0.5055
f 677 678 679 680 color 0.5378 0.5378 0.5378
f 681 682 683 684 color 0.4797 0.4797 0.4797
f 685 686 687 688 color 0.5016 0.5016 0.5016
f 689 690 691 692 color 0.5105 0.5105 0.5105
f 693 694 695 696 color 0.4828 0.4828 0.4828
f 697 698 699 700 color 0.4902 0.4902 0.4902
f 701 702 703 704 color 0.5374 0.5374 0.5374
f 705 706 707 708 color 0.5389 0.5389 0.5389
f 709 710 711 712 color 0.4511 0.4511 0.4511
f 713 714 715 716 color 0.4753 0.4753 0.4753
f 717 718 719 720 color 0.4555 0.4555 0.4555
f 721 722 723 724 color 0.4903 0.4903 0.4903
f 725 726 727 728 color 0.5005 0.5005 0.5005
f 729 730 731 732 color 0.5442 0.5442 0.5442
f 733 734 735 736 color 0.4834 0.4834 0.4834
f 737 738 739 740 color 0.5433 0.5433 0.5433
f 741 742 743 744 color 0.4641 0.4641 0.4641
f 745 746 747 748 color 0.5051 0.5051 0.5051
f 749 750 751 752 color 0.4552 0.4552 0.4552
f 753 754 755 756 color 0.4799 0.4799 0.4799
f 757 758 759 760 color 0.5146 0.5146 0.5146
f 761 762 763 764 color 0.5318 0.5318 0.5318
f 765 766 767 768 color 0.5409 0.5409 0.5409
f 769 770 771 772 color 0.5075 0.5075 0.5075
f 773 774 775 776 color 0.5054 0.5054 0.5054
f 777 778 779 780 color 0.5436 0.5436 0.5436
f 781 782 783 784 color 0.5493 0.5493 0.5493
f 785 786 787 788 color 0.5299 0.5299 0.5299
f 789 790 791 792 color 0.4731 0.4731 0.4731
f 793 794 795 796 color 0.4831 0.4831 0.4831
f 797 798 799 800 color 0.4892 0.4892 0.4892
f 801 802 803 804 color 0.4853 0.4853 0.4853
f 805 806 807 808 color 0.4780 0.4780 0.4780
f 809 810 811 812 color 0.4696 0.4696 0.4696
f 813 814 815 816 color 0.4713 0.4713 0.4713
f 817 818 819 820 color 0.5494 0.5494 0.5494
f 821 822 823 824 color 0.4524 0.4524 0.4524
f 825 826 827 828 color 0.4709 0.4709 0.4709
f 829 830 831 832 color 0.4983 0.4983 0.4983
f 833 834 835 836 color 0.4560 0.4560 0.4560
f 837 838 839 840 color 0.5004 0.5004 0.5004
f 841 842 843 844 color 0.4942 0.4942 0.4942
f 845 846 847 848 color 0.4703 0.4703 0.4703
f 849 850 851 852 color 0.5042 0.5042 0.5042
f 853 854 855 856 color 0.4525 0.4525 0.4525
f 857 858 859 860 color 0.5418 0.5418 0.5418
f 861 862 863 864 color 0.4512 0.4512 0.4512
f 865 866 867 868 color 0.5198 0.5198 0.5198
f 869 870 871 872 color 0.5006 0.5006 0.5006
f 873 874 875 876 color 0.5436 0.5436 0.5436
f 877 878 879 880 color 0.4688 0.4688 0.4688
f 881 882 883 884 color 0.5312 0.5312 0.5312
f 885 886 887 888 color 0.5413 0.5413 0.5413
f 889 890 891 892 color 0.5153 0.5153 0.5153
f 893 894 895 896 color 0.4813 0.4813 0.4813
f 897 898 899 900 color 0.4609 0.4609 0.4609
f 901 902 903 904 color 0.4671 0.4671 0.4671
f 905 906 907 908 color 0.4508 0.4508 0.4508
f 909 910 911 912 color 0.5349 0.5349 0.5349
f 913 914 915 916 color 0.4712 0.4712 0.4712
f 917 918 919 920 color 0.4775 0.4775 0.4775
f 921 922 923 924 color 0.4543 0.4543 0.4543
f 925 926 927 928 color 0.5226 0.5226 0.5226
f 929 930 931 932 color 0.4871 0.4871 0.4871
f 933 934 935 936 color 0.5163 0.5163 0.5163
f 937 938 939 940 color 0.5150 0.5150 0.5150
f 941 942 943 944 color 0.4914 0.4914 0.4914
f 945 946 947 948 color 0.5174 0.5174 0.5174
f 949 950 951 952 color 0.5070 0.5070 0.5070
f 953 954 955 956 color 0.4542 0.4542 0.4542
f 957 958 959 960 color 0.5174 0.5174 0.5174
f 961 962 963 964 color 0.4571 0.4571 0.4571
f 965 966 967 968 color 0.5192 0.5192 0.5192
f 969 970 971 972 color 0.5452 0.5452 0.5452
f 973 974 975 976 color 0.4619 0.4619 0.4619
f 977 978 979 980 color 0.5062 0.5062 0.5062
f 981 982 983 984 color 0.4711 0.4711 0.4711
f 985 986 987 988 color 0.5091 0.5091 0.5091
f 989 990 991 992 color 0.5283 0.5283 0.5283
f 993 994 995 996 color 0.4789 0.4789 0.4789
f 997 998 999 1000 color 0.4619 0.4619 0.4619
f 1001 1002 1003 1004 color 0.4817 0.4817 0.4817
f 1005 1006 1007 1008 color 0.5156 0.5156 0.5156
f 1009 1010 1011 1012 color 0.5175 0.5175 0.5175
f 1013 1014 1015 1016 color 0.4597 0.4597 0.4597
f 1017 1018 1019 1020 color 0.4978 0.4978 0.4978
f 1021 1022 1023 1024 color 0.5250 0.5250 0.5250
f 1025 1026 1027 1028 color 0.4602 0.4602 0.4602
f 1029 1030 1031 1032 color 0.4779 0.4779 0.4779
f 1033 1034 1035 1036 color 0.4972 0.4972 0.4972
f 1037 1038 1039 1040 color 0.4510 0.4510 0.4510
f 1041 1042 1043 1044 color 0.4799 0.4799 0.4799
f 1045 1046 1047 1048 color 0.4887 0.4887 0.4887
f 1049 1050 1051 1052 color 0.5068 0.5068 0.5068
f 1053 1054 1055 1056 color 0.5100 0.5100 0.5100
f 1057 1058 1059 1060 color 0.5052 0.5052 0.5052
f 1061 1062 1063 1064 color 0.4826 0.4826 0.4826
f 1065 1066 1067 1068 color 0.4996 0.4996 0.4996
f 1069 1070 1071 1072 color 0.4919 0.4919 0.4919
f 1073 1074 1075 1076 color 0.4726 0.4726 0.4726
f 1077 1078 1079 1080 color 0.4953 0.4953 0.4953
f 1081 1082 1083 1084 color 0.5482 0.5482 0.5482
f 1085 1086 1087 1088 color 0.4571 0.4571 0.4571
f 1089 1090 1091 1092 color 0.4634 0.4634 0.4634
f 1093 1094 1095 1096 color 0.5178 0.5178 0.5178
f 1097 1098 1099 1100 color 0.5123 0.5123 0.5123
f 1101 1102 1103 1104 color 0.4675 0.4675 0.4675
