# wall.txt - brick wall
v -6.0000 0.0000 0.3000
v -5.0000 0.0000 0.3000
v -5.0000 0.5000 0.3000
v -6.0000 0.5000 0.3000
v -6.0000 0.0000 0.0000
v -6.0000 0.5000 0.0000
v -5.0000 0.5000 0.0000
v -5.0000 0.0000 0.0000
v -6.0000 0.5000 0.0000
v -6.0000 0.5000 0.3000
v -5.0000 0.5000 0.3000
v -5.0000 0.5000 0.0000
v -6.0000 0.0000 0.0000
v -5.0000 0.0000 0.0000
v -5.0000 0.0000 0.3000
v -6.0000 0.0000 0.3000
v -6.0000 0.0000 0.0000
v -6.0000 0.0000 0.3000
v -6.0000 0.5000 0.3000
v -6.0000 0.5000 0.0000
v -5.0000 0.0000 0.0000
v -5.0000 0.5000 0.0000
v -5.0000 0.5000 0.3000
v -5.0000 0.0000 0.3000
v -4.9200 0.0000 0.3000
v -3.9200 0.0000 0.3000
v -3.9200 0.5000 0.3000
v -4.9200 0.5000 0.3000
v -4.9200 0.0000 0.0000
v -4.9200 0.5000 0.0000
v -3.9200 0.5000 0.0000
v -3.9200 0.0000 0.0000
v -4.9200 0.5000 0.0000
v -4.9200 0.5000 0.3000
v -3.9200 0.5000 0.3000
v -3.9200 0.5000 0.0000
v -4.9200 0.0000 0.0000
v -3.9200 0.0000 0.0000
v -3.9200 0.0000 0.3000
v -4.9200 0.0000 0.3000
v -4.9200 0.0000 0.0000
v -4.9200 0.0000 0.3000
v -4.9200 0.5000 0.3000
v -4.9200 0.5000 0.0000
v -3.9200 0.0000 0.0000
v -3.9200 0.5000 0.0000
v -3.9200 0.5000 0.3000
v -3.9200 0.0000 0.3000
v -3.8400 0.0000 0.3000
v -2.8400 0.0000 0.3000
v -2.8400 0.5000 0.3000
v -3.8400 0.5000 0.3000
v -3.8400 0.0000 0.0000
v -3.8400 0.5000 0.0000
v -2.8400 0.5000 0.0000
v -2.8400 0.0000 0.0000
v -3.8400 0.5000 0.0000
v -3.8400 0.5000 0.3000
v -2.8400 0.5000 0.3000
v -2.8400 0.5000 0.0000
v -3.8400 0.0000 0.0000
v -2.8400 0.0000 0.0000
v -2.8400 0.0000 0.3000
v -3.8400 0.0000 0.3000
v -3.8400 0.0000 0.0000
v -3.8400 0.0000 0.3000
v -3.8400 0.5000 0.3000
v -3.8400 0.5000 0.0000
v -2.8400 0.0000 0.0000
v -2.8400 0.5000 0.0000
v -2.8400 0.5000 0.3000
v -2.8400 0.0000 0.3000
v -2.7600 0.0000 0.3000
v -1.7600 0.0000 0.3000
v -1.7600 0.5000 0.3000
v -2.7600 0.5000 0.3000
v -2.7600 0.0000 0.0000
v -2.7600 0.5000 0.0000
v -1.7600 0.5000 0.0000
v -1.7600 0.0000 0.0000
v -2.7600 0.5000 0.0000
v -2.7600 0.5000 0.3000
v -1.7600 0.5000 0.3000
v -1.7600 0.5000 0.0000
v -2.7600 0.0000 0.0000
v -1.7600 0.0000 0.0000
v -1.7600 0.0000 0.3000
v -2.7600 0.0000 0.3000
v -2.7600 0.0000 0.0000
v -2.7600 0.0000 0.3000
v -2.7600 0.5000 0.3000
v -2.7600 0.5000 0.0000
v -1.7600 0.0000 0.0000
v -1.7600 0.5000 0.0000
v -1.7600 0.5000 0.3000
v -1.7600 0.0000 0.3000
v -1.6800 0.0000 0.3000
v -0.6800 0.0000 0.3000
v -0.6800 0.5000 0.3000
v -1.6800 0.5000 0.3000
v -1.6800 0.0000 0.0000
v -1.6800 0.5000 0.0000
v -0.6800 0.5000 0.0000
v -0.6800 0.0000 0.0000
v -1.6800 0.5000 0.0000
v -1.6800 0.5000 0.3000
v -0.6800 0.5000 0.3000
v -0.6800 0.5000 0.0000
v -1.6800 0.0000 0.0000
v -0.6800 0.0000 0.0000
v -0.6800 0.0000 0.3000
v -1.6800 0.0000 0.3000
v -1.6800 0.0000 0.0000
v -1.6800 0.0000 0.3000
v -1.6800 0.5000 0.3000
v -1.6800 0.5000 0.0000
v -0.6800 0.0000 0.0000
v -0.6800 0.5000 0.0000
v -0.6800 0.5000 0.3000
v -0.6800 0.0000 0.3000
v -0.6000 0.0000 0.3000
v 0.4000 0.0000 0.3000
v 0.4000 0.5000 0.3000
v -0.6000 0.5000 0.3000
v -0.6000 0.0000 0.0000
v -0.6000 0.5000 0.0000
v 0.4000 0.5000 0.0000
v 0.4000 0.0000 0.0000
v -0.6000 0.5000 0.0000
v -0.6000 0.5000 0.3000
v 0.4000 0.5000 0.3000
v 0.4000 0.5000 0.0000
v -0.6000 0.0000 0.0000
v 0.4000 0.0000 0.0000
v 0.4000 0.0000 0.3000
v -0.6000 0.0000 0.3000
v -0.6000 0.0000 0.0000
v -0.6000 0.0000 0.3000
v -0.6000 0.5000 0.3000
v -0.6000 0.5000 0.0000
v 0.4000 0.0000 0.0000
v 0.4000 0.5000 0.0000
v 0.4000 0.5000 0.3000
v 0.4000 0.0000 0.3000
v 0.4800 0.0000 0.3000
v 1.4800 0.0000 0.3000
v 1.4800 0.5000 0.3000
v 0.4800 0.5000 0.3000
v 0.4800 0.0000 0.0000
v 0.4800 0.5000 0.0000
v 1.4800 0.5000 0.0000
v 1.4800 0.0000 0.0000
v 0.4800 0.5000 0.0000
v 0.4800 0.5000 0.3000
v 1.4800 0.5000 0.3000
v 1.4800 0.5000 0.0000
v 0.4800 0.0000 0.0000
v 1.4800 0.0000 0.0000
v 1.4800 0.0000 0.3000
v 0.4800 0.0000 0.3000
v 0.4800 0.0000 0.0000
v 0.4800 0.0000 0.3000
v 0.4800 0.5000 0.3000
v 0.4800 0.5000 0.0000
v 1.4800 0.0000 0.0000
v 1.4800 0.5000 0.0000
v 1.4800 0.5000 0.3000
v 1.4800 0.0000 0.3000
v 1.5600 0.0000 0.3000
v 2.5600 0.0000 0.3000
v 2.5600 0.5000 0.3000
v 1.5600 0.5000 0.3000
v 1.5600 0.0000 0.0000
v 1.5600 0.5000 0.0000
v 2.5600 0.5000 0.0000
v 2.5600 0.0000 0.0000
v 1.5600 0.5000 0.0000
v 1.5600 0.5000 0.3000
v 2.5600 0.5000 0.3000
v 2.5600 0.5000 0.0000
v 1.5600 0.0000 0.0000
v 2.5600 0.0000 0.0000
v 2.5600 0.0000 0.3000
v 1.5600 0.0000 0.3000
v 1.5600 0.0000 0.0000
v 1.5600 0.0000 0.3000
v 1.5600 0.5000 0.3000
v 1.5600 0.5000 0.0000
v 2.5600 0.0000 0.0000
v 2.5600 0.5000 0.0000
v 2.5600 0.5000 0.3000
v 2.5600 0.0000 0.3000
v 2.6400 0.0000 0.3000
v 3.6400 0.0000 0.3000
v 3.6400 0.5000 0.3000
v 2.6400 0.5000 0.3000
v 2.6400 0.0000 0.0000
v 2.6400 0.5000 0.0000
v 3.6400 0.5000 0.0000
v 3.6400 0.0000 0.0000
v 2.6400 0.5000 0.0000
v 2.6400 0.5000 0.3000
v 3.6400 0.5000 0.3000
v 3.6400 0.5000 0.0000
v 2.6400 0.0000 0.0000
v 3.6400 0.0000 0.0000
v 3.6400 0.0000 0.3000
v 2.6400 0.0000 0.3000
v 2.6400 0.0000 0.0000
v 2.6400 0.0000 0.3000
v 2.6400 0.5000 0.3000
v 2.6400 0.5000 0.0000
v 3.6400 0.0000 0.0000
v 3.6400 0.5000 0.0000
v 3.6400 0.5000 0.3000
v 3.6400 0.0000 0.3000
v 3.7200 0.0000 0.3000
v 4.7200 0.0000 0.3000
v 4.7200 0.5000 0.3000
v 3.7200 0.5000 0.3000
v 3.7200 0.0000 0.0000
v 3.7200 0.5000 0.0000
v 4.7200 0.5000 0.0000
v 4.7200 0.0000 0.0000
v 3.7200 0.5000 0.0000
v 3.7200 0.5000 0.3000
v 4.7200 0.5000 0.3000
v 4.7200 0.5000 0.0000
v 3.7200 0.0000 0.0000
v 4.7200 0.0000 0.0000
v 4.7200 0.0000 0.3000
v 3.7200 0.0000 0.3000
v 3.7200 0.0000 0.0000
v 3.7200 0.0000 0.3000
v 3.7200 0.5000 0.3000
v 3.7200 0.5000 0.0000
v 4.7200 0.0000 0.0000
v 4.7200 0.5000 0.0000
v 4.7200 0.5000 0.3000
v 4.7200 0.0000 0.3000
v 4.8000 0.0000 0.3000
v 5.8000 0.0000 0.3000
v 5.8000 0.5000 0.3000
v 4.8000 0.5000 0.3000
v 4.8000 0.0000 0.0000
v 4.8000 0.5000 0.0000
v 5.8000 0.5000 0.0000
v 5.8000 0.0000 0.0000
v 4.8000 0.5000 0.0000
v 4.8000 0.5000 0.3000
v 5.8000 0.5000 0.3000
v 5.8000 0.5000 0.0000
v 4.8000 0.0000 0.0000
v 5.8000 0.0000 0.0000
v 5.8000 0.0000 0.3000
v 4.8000 0.0000 0.3000
v 4.8000 0.0000 0.0000
v 4.8000 0.0000 0.3000
v 4.8000 0.5000 0.3000
v 4.8000 0.5000 0.0000
v 5.8000 0.0000 0.0000
v 5.8000 0.5000 0.0000
v 5.8000 0.5000 0.3000
v 5.8000 0.0000 0.3000
v 5.8800 0.0000 0.3000
v 6.0000 0.0000 0.3000
v 6.0000 0.5000 0.3000
v 5.8800 0.5000 0.3000
v 5.8800 0.0000 0.0000
v 5.8800 0.5000 0.0000
v 6.0000 0.5000 0.0000
v 6.0000 0.0000 0.0000
v 5.8800 0.5000 0.0000
v 5.8800 0.5000 0.3000
v 6.0000 0.5000 0.3000
v 6.0000 0.5000 0.0000
v 5.8800 0.0000 0.0000
v 6.0000 0.0000 0.0000
v 6.0000 0.0000 0.3000
v 5.8800 0.0000 0.3000
v 5.8800 0.0000 0.0000
v 5.8800 0.0000 0.3000
v 5.8800 0.5000 0.3000
v 5.8800 0.5000 0.0000
v 6.0000 0.0000 0.0000
v 6.0000 0.5000 0.0000
v 6.0000 0.5000 0.3000
v 6.0000 0.0000 0.3000
v -5.5000 0.5000 0.3000
v -4.5000 0.5000 0.3000
v -4.5000 1.0000 0.3000
v -5.5000 1.0000 0.3000
v -5.5000 0.5000 0.0000
v -5.5000 1.0000 0.0000
v -4.5000 1.0000 0.0000
v -4.5000 0.5000 0.0000
v -5.5000 1.0000 0.0000
v -5.5000 1.0000 0.3000
v -4.5000 1.0000 0.3000
v -4.5000 1.0000 0.0000
v -5.5000 0.5000 0.0000
v -4.5000 0.5000 0.0000
v -4.5000 0.5000 0.3000
v -5.5000 0.5000 0.3000
v -5.5000 0.5000 0.0000
v -5.5000 0.5000 0.3000
v -5.5000 1.0000 0.3000
v -5.5000 1.0000 0.0000
v -4.5000 0.5000 0.0000
v -4.5000 1.0000 0.0000
v -4.5000 1.0000 0.3000
v -4.5000 0.5000 0.3000
v -4.4200 0.5000 0.3000
v -3.4200 0.5000 0.3000
v -3.4200 1.0000 0.3000
v -4.4200 1.0000 0.3000
v -4.4200 0.5000 0.0000
v -4.4200 1.0000 0.0000
v -3.4200 1.0000 0.0000
v -3.4200 0.5000 0.0000
v -4.4200 1.0000 0.0000
v -4.4200 1.0000 0.3000
v -3.4200 1.0000 0.3000
v -3.4200 1.0000 0.0000
v -4.4200 0.5000 0.0000
v -3.4200 0.5000 0.0000
v -3.4200 0.5000 0.3000
v -4.4200 0.5000 0.3000
v -4.4200 0.5000 0.0000
v -4.4200 0.5000 0.3000
v -4.4200 1.0000 0.3000
v -4.4200 1.0000 0.0000
v -3.4200 0.5000 0.0000
v -3.4200 1.0000 0.0000
v -3.4200 1.0000 0.3000
v -3.4200 0.5000 0.3000
v -3.3400 0.5000 0.3000
v -2.3400 0.5000 0.3000
v -2.3400 1.0000 0.3000
v -3.3400 1.0000 0.3000
v -3.3400 0.5000 0.0000
v -3.3400 1.0000 0.0000
v -2.3400 1.0000 0.0000
v -2.3400 0.5000 0.0000
v -3.3400 1.0000 0.0000
v -3.3400 1.0000 0.3000
v -2.3400 1.0000 0.3000
v -2.3400 1.0000 0.0000
v -3.3400 0.5000 0.0000
v -2.3400 0.5000 0.0000
v -2.3400 0.5000 0.3000
v -3.3400 0.5000 0.3000
v -3.3400 0.5000 0.0000
v -3.3400 0.5000 0.3000
v -3.3400 1.0000 0.3000
v -3.3400 1.0000 0.0000
v -2.3400 0.5000 0.0000
v -2.3400 1.0000 0.0000
v -2.3400 1.0000 0.3000
v -2.3400 0.5000 0.3000
v -2.2600 0.5000 0.3000
v -1.2600 0.5000 0.3000
v -1.2600 1.0000 0.3000
v -2.2600 1.0000 0.3000
v -2.2600 0.5000 0.0000
v -2.2600 1.0000 0.0000
v -1.2600 1.0000 0.0000
v -1.2600 0.5000 0.0000
v -2.2600 1.0000 0.0000
v -2.2600 1.0000 0.3000
v -1.2600 1.0000 0.3000
v -1.2600 1.0000 0.0000
v -2.2600 0.5000 0.0000
v -1.2600 0.5000 0.0000
v -1.2600 0.5000 0.3000
v -2.2600 0.5000 0.3000
v -2.2600 0.5000 0.0000
v -2.2600 0.5000 0.3000
v -2.2600 1.0000 0.3000
v -2.2600 1.0000 0.0000
v -1.2600 0.5000 0.0000
v -1.2600 1.0000 0.0000
v -1.2600 1.0000 0.3000
v -1.2600 0.5000 0.3000
v -1.1800 0.5000 0.3000
v -0.1800 0.5000 0.3000
v -0.1800 1.0000 0.3000
v -1.1800 1.0000 0.3000
v -1.1800 0.5000 0.0000
v -1.1800 1.0000 0.0000
v -0.1800 1.0000 0.0000
v -0.1800 0.5000 0.0000
v -1.1800 1.0000 0.0000
v -1.1800 1.0000 0.3000
v -0.1800 1.0000 0.3000
v -0.1800 1.0000 0.0000
v -1.1800 0.5000 0.0000
v -0.1800 0.5000 0.0000
v -0.1800 0.5000 0.3000
v -1.1800 0.5000 0.3000
v -1.1800 0.5000 0.0000
v -1.1800 0.5000 0.3000
v -1.1800 1.0000 0.3000
v -1.1800 1.0000 0.0000
v -0.1800 0.5000 0.0000
v -0.1800 1.0000 0.0000
v -0.1800 1.0000 0.3000
v -0.1800 0.5000 0.3000
v -0.1000 0.5000 0.3000
v 0.9000 0.5000 0.3000
v 0.9000 1.0000 0.3000
v -0.1000 1.0000 0.3000
v -0.1000 0.5000 0.0000
v -0.1000 1.0000 0.0000
v 0.9000 1.0000 0.0000
v 0.9000 0.5000 0.0000
v -0.1000 1.0000 0.0000
v -0.1000 1.0000 0.3000
v 0.9000 1.0000 0.3000
v 0.9000 1.0000 0.0000
v -0.1000 0.5000 0.0000
v 0.9000 0.5000 0.0000
v 0.9000 0.5000 0.3000
v -0.1000 0.5000 0.3000
v -0.1000 0.5000 0.0000
v -0.1000 0.5000 0.3000
v -0.1000 1.0000 0.3000
v -0.1000 1.0000 0.0000
v 0.9000 0.5000 0.0000
v 0.9000 1.0000 0.0000
v 0.9000 1.0000 0.3000
v 0.9000 0.5000 0.3000
v 0.9800 0.5000 0.3000
v 1.9800 0.5000 0.3000
v 1.9800 1.0000 0.3000
v 0.9800 1.0000 0.3000
v 0.9800 0.5000 0.0000
v 0.9800 1.0000 0.0000
v 1.9800 1.0000 0.0000
v 1.9800 0.5000 0.0000
v 0.9800 1.0000 0.0000
v 0.9800 1.0000 0.3000
v 1.9800 1.0000 0.3000
v 1.9800 1.0000 0.0000
v 0.9800 0.5000 0.0000
v 1.9800 0.5000 0.0000
v 1.9800 0.5000 0.3000
v 0.9800 0.5000 0.3000
v 0.9800 0.5000 0.0000
v 0.9800 0.5000 0.3000
v 0.9800 1.0000 0.3000
v 0.9800 1.0000 0.0000
v 1.9800 0.5000 0.0000
v 1.9800 1.0000 0.0000
v 1.9800 1.0000 0.3000
v 1.9800 0.5000 0.3000
v 2.0600 0.5000 0.3000
v 3.0600 0.5000 0.3000
v 3.0600 1.0000 0.3000
v 2.0600 1.0000 0.3000
v 2.0600 0.5000 0.0000
v 2.0600 1.0000 0.0000
v 3.0600 1.0000 0.0000
v 3.0600 0.5000 0.0000
v 2.0600 1.0000 0.0000
v 2.0600 1.0000 0.3000
v 3.0600 1.0000 0.3000
v 3.0600 1.0000 0.0000
v 2.0600 0.5000 0.0000
v 3.0600 0.5000 0.0000
v 3.0600 0.5000 0.3000
v 2.0600 0.5000 0.3000
v 2.0600 0.5000 0.0000
v 2.0600 0.5000 0.3000
v 2.0600 1.0000 0.3000
v 2.0600 1.0000 0.0000
v 3.0600 0.5000 0.0000
v 3.0600 1.0000 0.0000
v 3.0600 1.0000 0.3000
v 3.0600 0.5000 0.3000
v 3.1400 0.5000 0.3000
v 4.1400 0.5000 0.3000
v 4.1400 1.0000 0.3000
v 3.1400 1.0000 0.3000
v 3.1400 0.5000 0.0000
v 3.1400 1.0000 0.0000
v 4.1400 1.0000 0.0000
v 4.1400 0.5000 0.0000
v 3.1400 1.0000 0.0000
v 3.1400 1.0000 0.3000
v 4.1400 1.0000 0.3000
v 4.1400 1.0000 0.0000
v 3.1400 0.5000 0.0000
v 4.1400 0.5000 0.0000
v 4.1400 0.5000 0.3000
v 3.1400 0.5000 0.3000
v 3.1400 0.5000 0.0000
v 3.1400 0.5000 0.3000
v 3.1400 1.0000 0.3000
v 3.1400 1.0000 0.0000
v 4.1400 0.5000 0.0000
v 4.1400 1.0000 0.0000
v 4.1400 1.0000 0.3000
v 4.1400 0.5000 0.3000
v 4.2200 0.5000 0.3000
v 5.2200 0.5000 0.3000
v 5.2200 1.0000 0.3000
v 4.2200 1.0000 0.3000
v 4.2200 0.5000 0.0000
v 4.2200 1.0000 0.0000
v 5.2200 1.0000 0.0000
v 5.2200 0.5000 0.0000
v 4.2200 1.0000 0.0000
v 4.2200 1.0000 0.3000
v 5.2200 1.0000 0.3000
v 5.2200 1.0000 0.0000
v 4.2200 0.5000 0.0000
v 5.2200 0.5000 0.0000
v 5.2200 0.5000 0.3000
v 4.2200 0.5000 0.3000
v 4.2200 0.5000 0.0000
v 4.2200 0.5000 0.3000
v 4.2200 1.0000 0.3000
v 4.2200 1.0000 0.0000
v 5.2200 0.5000 0.0000
v 5.2200 1.0000 0.0000
v 5.2200 1.0000 0.3000
v 5.2200 0.5000 0.3000
v 5.3000 0.5000 0.3000
v 6.0000 0.5000 0.3000
v 6.0000 1.0000 0.3000
v 5.3000 1.0000 0.3000
v 5.3000 0.5000 0.0000
v 5.3000 1.0000 0.0000
v 6.0000 1.0000 0.0000
v 6.0000 0.5000 0.0000
v 5.3000 1.0000 0.0000
v 5.3000 1.0000 0.3000
v 6.0000 1.0000 0.3000
v 6.0000 1.0000 0.0000
v 5.3000 0.5000 0.0000
v 6.0000 0.5000 0.0000
v 6.0000 0.5000 0.3000
v 5.3000 0.5000 0.3000
v 5.3000 0.5000 0.0000
v 5.3000 0.5000 0.3000
v 5.3000 1.0000 0.3000
v 5.3000 1.0000 0.0000
v 6.0000 0.5000 0.0000
v 6.0000 1.0000 0.0000
v 6.0000 1.0000 0.3000
v 6.0000 0.5000 0.3000
v -6.0000 1.0000 0.3000
v -5.0000 1.0000 0.3000
v -5.0000 1.5000 0.3000
v -6.0000 1.5000 0.3000
v -6.0000 1.0000 0.0000
v -6.0000 1.5000 0.0000
v -5.0000 1.5000 0.0000
v -5.0000 1.0000 0.0000
v -6.0000 1.5000 0.0000
v -6.0000 1.5000 0.3000
v -5.0000 1.5000 0.3000
v -5.0000 1.5000 0.0000
v -6.0000 1.0000 0.0000
v -5.0000 1.0000 0.0000
v -5.0000 1.0000 0.3000
v -6.0000 1.0000 0.3000
v -6.0000 1.0000 0.0000
v -6.0000 1.0000 0.3000
v -6.0000 1.5000 0.3000
v -6.0000 1.5000 0.0000
v -5.0000 1.0000 0.0000
v -5.0000 1.5000 0.0000
v -5.0000 1.5000 0.3000
v -5.0000 1.0000 0.3000
v -4.9200 1.0000 0.3000
v -3.9200 1.0000 0.3000
v -3.9200 1.5000 0.3000
v -4.9200 1.5000 0.3000
v -4.9200 1.0000 0.0000
v -4.9200 1.5000 0.0000
v -3.9200 1.5000 0.0000
v -3.9200 1.0000 0.0000
v -4.9200 1.5000 0.0000
v -4.9200 1.5000 0.3000
v -3.9200 1.5000 0.3000
v -3.9200 1.5000 0.0000
v -4.9200 1.0000 0.0000
v -3.9200 1.0000 0.0000
v -3.9200 1.0000 0.3000
v -4.9200 1.0000 0.3000
v -4.9200 1.0000 0.0000
v -4.9200 1.0000 0.3000
v -4.9200 1.5000 0.3000
v -4.9200 1.5000 0.0000
v -3.9200 1.0000 0.0000
v -3.9200 1.5000 0.0000
v -3.9200 1.5000 0.3000
v -3.9200 1.0000 0.3000
v -3.8400 1.0000 0.3000
v -2.8400 1.0000 0.3000
v -2.8400 1.5000 0.3000
v -3.8400 1.5000 0.3000
v -3.8400 1.0000 0.0000
v -3.8400 1.5000 0.0000
v -2.8400 1.5000 0.0000
v -2.8400 1.0000 0.0000
v -3.8400 1.5000 0.0000
v -3.8400 1.5000 0.3000
v -2.8400 1.5000 0.3000
v -2.8400 1.5000 0.0000
v -3.8400 1.0000 0.0000
v -2.8400 1.0000 0.0000
v -2.8400 1.0000 0.3000
v -3.8400 1.0000 0.3000
v -3.8400 1.0000 0.0000
v -3.8400 1.0000 0.3000
v -3.8400 1.5000 0.3000
v -3.8400 1.5000 0.0000
v -2.8400 1.0000 0.0000
v -2.8400 1.5000 0.0000
v -2.8400 1.5000 0.3000
v -2.8400 1.0000 0.3000
v -2.7600 1.0000 0.3000
v -1.7600 1.0000 0.3000
v -1.7600 1.5000 0.3000
v -2.7600 1.5000 0.3000
v -2.7600 1.0000 0.0000
v -2.7600 1.5000 0.0000
v -1.7600 1.5000 0.0000
v -1.7600 1.0000 0.0000
v -2.7600 1.5000 0.0000
v -2.7600 1.5000 0.3000
v -1.7600 1.5000 0.3000
v -1.7600 1.5000 0.0000
v -2.7600 1.0000 0.0000
v -1.7600 1.0000 0.0000
v -1.7600 1.0000 0.3000
v -2.7600 1.0000 0.3000
v -2.7600 1.0000 0.0000
v -2.7600 1.0000 0.3000
v -2.7600 1.5000 0.3000
v -2.7600 1.5000 0.0000
v -1.7600 1.0000 0.0000
v -1.7600 1.5000 0.0000
v -1.7600 1.5000 0.3000
v -1.7600 1.0000 0.3000
v -1.6800 1.0000 0.3000
v -0.6800 1.0000 0.3000
v -0.6800 1.5000 0.3000
v -1.6800 1.5000 0.3000
v -1.6800 1.0000 0.0000
v -1.6800 1.5000 0.0000
v -0.6800 1.5000 0.0000
v -0.6800 1.0000 0.0000
v -1.6800 1.5000 0.0000
v -1.6800 1.5000 0.3000
v -0.6800 1.5000 0.3000
v -0.6800 1.5000 0.0000
v -1.6800 1.0000 0.0000
v -0.6800 1.0000 0.0000
v -0.6800 1.0000 0.3000
v -1.6800 1.0000 0.3000
v -1.6800 1.0000 0.0000
v -1.6800 1.0000 0.3000
v -1.6800 1.5000 0.3000
v -1.6800 1.5000 0.0000
v -0.6800 1.0000 0.0000
v -0.6800 1.5000 0.0000
v -0.6800 1.5000 0.3000
v -0.6800 1.0000 0.3000
v -0.6000 1.0000 0.3000
v 0.4000 1.0000 0.3000
v 0.4000 1.5000 0.3000
v -0.6000 1.5000 0.3000
v -0.6000 1.0000 0.0000
v -0.6000 1.5000 0.0000
v 0.4000 1.5000 0.0000
v 0.4000 1.0000 0.0000
v -0.6000 1.5000 0.0000
v -0.6000 1.5000 0.3000
v 0.4000 1.5000 0.3000
v 0.4000 1.5000 0.0000
v -0.6000 1.0000 0.0000
v 0.4000 1.0000 0.0000
v 0.4000 1.0000 0.3000
v -0.6000 1.0000 0.3000
v -0.6000 1.0000 0.0000
v -0.6000 1.0000 0.3000
v -0.6000 1.5000 0.3000
v -0.6000 1.5000 0.0000
v 0.4000 1.0000 0.0000
v 0.4000 1.5000 0.0000
v 0.4000 1.5000 0.3000
v 0.4000 1.0000 0.3000
v 0.4800 1.0000 0.3000
v 1.4800 1.0000 0.3000
v 1.4800 1.5000 0.3000
v 0.4800 1.5000 0.3000
v 0.4800 1.0000 0.0000
v 0.4800 1.5000 0.0000
v 1.4800 1.5000 0.0000
v 1.4800 1.0000 0.0000
v 0.4800 1.5000 0.0000
v 0.4800 1.5000 0.3000
v 1.4800 1.5000 0.3000
v 1.4800 1.5000 0.0000
v 0.4800 1.0000 0.0000
v 1.4800 1.0000 0.0000
v 1.4800 1.0000 0.3000
v 0.4800 1.0000 0.3000
v 0.4800 1.0000 0.0000
v 0.4800 1.0000 0.3000
v 0.4800 1.5000 0.3000
v 0.4800 1.5000 0.0000
v 1.4800 1.0000 0.0000
v 1.4800 1.5000 0.0000
v 1.4800 1.5000 0.3000
v 1.4800 1.0000 0.3000
v 1.5600 1.0000 0.3000
v 2.5600 1.0000 0.3000
v 2.5600 1.5000 0.3000
v 1.5600 1.5000 0.3000
v 1.5600 1.0000 0.0000
v 1.5600 1.5000 0.0000
v 2.5600 1.5000 0.0000
v 2.5600 1.0000 0.0000
v 1.5600 1.5000 0.0000
v 1.5600 1.5000 0.3000
v 2.5600 1.5000 0.3000
v 2.5600 1.5000 0.0000
v 1.5600 1.0000 0.0000
v 2.5600 1.0000 0.0000
v 2.5600 1.0000 0.3000
v 1.5600 1.0000 0.3000
v 1.5600 1.0000 0.0000
v 1.5600 1.0000 0.3000
v 1.5600 1.5000 0.3000
v 1.5600 1.5000 0.0000
v 2.5600 1.0000 0.0000
v 2.5600 1.5000 0.0000
v 2.5600 1.5000 0.3000
v 2.5600 1.0000 0.3000
v 2.6400 1.0000 0.3000
v 3.6400 1.0000 0.3000
v 3.6400 1.5000 0.3000
v 2.6400 1.5000 0.3000
v 2.6400 1.0000 0.0000
v 2.6400 1.5000 0.0000
v 3.6400 1.5000 0.0000
v 3.6400 1.0000 0.0000
v 2.6400 1.5000 0.0000
v 2.6400 1.5000 0.3000
v 3.6400 1.5000 0.3000
v 3.6400 1.5000 0.0000
v 2.6400 1.0000 0.0000
v 3.6400 1.0000 0.0000
v 3.6400 1.0000 0.3000
v 2.6400 1.0000 0.3000
v 2.6400 1.0000 0.0000
v 2.6400 1.0000 0.3000
v 2.6400 1.5000 0.3000
v 2.6400 1.5000 0.0000
v 3.6400 1.0000 0.0000
v 3.6400 1.5000 0.0000
v 3.6400 1.5000 0.3000
v 3.6400 1.0000 0.3000
v 3.7200 1.0000 0.3000
v 4.7200 1.0000 0.3000
v 4.7200 1.5000 0.3000
v 3.7200 1.5000 0.3000
v 3.7200 1.0000 0.0000
v 3.7200 1.5000 0.0000
v 4.7200 1.5000 0.0000
v 4.7200 1.0000 0.0000
v 3.7200 1.5000 0.0000
v 3.7200 1.5000 0.3000
v 4.7200 1.5000 0.3000
v 4.7200 1.5000 0.0000
v 3.7200 1.0000 0.0000
v 4.7200 1.0000 0.0000
v 4.7200 1.0000 0.3000
v 3.7200 1.0000 0.3000
v 3.7200 1.0000 0.0000
v 3.7200 1.0000 0.3000
v 3.7200 1.5000 0.3000
v 3.7200 1.5000 0.0000
v 4.7200 1.0000 0.0000
v 4.7200 1.5000 0.0000
v 4.7200 1.5000 0.3000
v 4.7200 1.0000 0.3000
v 4.8000 1.0000 0.3000
v 5.8000 1.0000 0.3000
v 5.8000 1.5000 0.3000
v 4.8000 1.5000 0.3000
v 4.8000 1.0000 0.0000
v 4.8000 1.5000 0.0000
v 5.8000 1.5000 0.0000
v 5.8000 1.0000 0.0000
v 4.8000 1.5000 0.0000
v 4.8000 1.5000 0.3000
v 5.8000 1.5000 0.3000
v 5.8000 1.5000 0.0000
v 4.8000 1.0000 0.0000
v 5.8000 1.0000 0.0000
v 5.8000 1.0000 0.3000
v 4.8000 1.0000 0.3000
v 4.8000 1.0000 0.0000
v 4.8000 1.0000 0.3000
v 4.8000 1.5000 0.3000
v 4.8000 1.5000 0.0000
v 5.8000 1.0000 0.0000
v 5.8000 1.5000 0.0000
v 5.8000 1.5000 0.3000
v 5.8000 1.0000 0.3000
v 5.8800 1.0000 0.3000
v 6.0000 1.0000 0.3000
v 6.0000 1.5000 0.3000
v 5.8800 1.5000 0.3000
v 5.8800 1.0000 0.0000
v 5.8800 1.5000 0.0000
v 6.0000 1.5000 0.0000
v 6.0000 1.0000 0.0000
v 5.8800 1.5000 0.0000
v 5.8800 1.5000 0.3000
v 6.0000 1.5000 0.3000
v 6.0000 1.5000 0.0000
v 5.8800 1.0000 0.0000
v 6.0000 1.0000 0.0000
v 6.0000 1.0000 0.3000
v 5.8800 1.0000 0.3000
v 5.8800 1.0000 0.0000
v 5.8800 1.0000 0.3000
v 5.8800 1.5000 0.3000
v 5.8800 1.5000 0.0000
v 6.0000 1.0000 0.0000
v 6.0000 1.5000 0.0000
v 6.0000 1.5000 0.3000
v 6.0000 1.0000 0.3000
v -5.5000 1.5000 0.3000
v -4.5000 1.5000 0.3000
v -4.5000 2.0000 0.3000
v -5.5000 2.0000 0.3000
v -5.5000 1.5000 0.0000
v -5.5000 2.0000 0.0000
v -4.5000 2.0000 0.0000
v -4.5000 1.5000 0.0000
v -5.5000 2.0000 0.0000
v -5.5000 2.0000 0.3000
v -4.5000 2.0000 0.3000
v -4.5000 2.0000 0.0000
v -5.5000 1.5000 0.0000
v -4.5000 1.5000 0.0000
v -4.5000 1.5000 0.3000
v -5.5000 1.5000 0.3000
v -5.5000 1.5000 0.0000
v -5.5000 1.5000 0.3000
v -5.5000 2.0000 0.3000
v -5.5000 2.0000 0.0000
v -4.5000 1.5000 0.0000
v -4.5000 2.0000 0.0000
v -4.5000 2.0000 0.3000
v -4.5000 1.5000 0.3000
v -4.4200 1.5000 0.3000
v -3.4200 1.5000 0.3000
v -3.4200 2.0000 0.3000
v -4.4200 2.0000 0.3000
v -4.4200 1.5000 0.0000
v -4.4200 2.0000 0.0000
v -3.4200 2.0000 0.0000
v -3.4200 1.5000 0.0000
v -4.4200 2.0000 0.0000
v -4.4200 2.0000 0.3000
v -3.4200 2.0000 0.3000
v -3.4200 2.0000 0.0000
v -4.4200 1.5000 0.0000
v -3.4200 1.5000 0.0000
v -3.4200 1.5000 0.3000
v -4.4200 1.5000 0.3000
v -4.4200 1.5000 0.0000
v -4.4200 1.5000 0.3000
v -4.4200 2.0000 0.3000
v -4.4200 2.0000 0.0000
v -3.4200 1.5000 0.0000
v -3.4200 2.0000 0.0000
v -3.4200 2.0000 0.3000
v -3.4200 1.5000 0.3000
v -3.3400 1.5000 0.3000
v -2.3400 1.5000 0.3000
v -2.3400 2.0000 0.3000
v -3.3400 2.0000 0.3000
v -3.3400 1.5000 0.0000
v -3.3400 2.0000 0.0000
v -2.3400 2.0000 0.0000
v -2.3400 1.5000 0.0000
v -3.3400 2.0000 0.0000
v -3.3400 2.0000 0.3000
v -2.3400 2.0000 0.3000
v -2.3400 2.0000 0.0000
v -3.3400 1.5000 0.0000
v -2.3400 1.5000 0.0000
v -2.3400 1.5000 0.3000
v -3.3400 1.5000 0.3000
v -3.3400 1.5000 0.0000
v -3.3400 1.5000 0.3000
v -3.3400 2.0000 0.3000
v -3.3400 2.0000 0.0000
v -2.3400 1.5000 0.0000
v -2.3400 2.0000 0.0000
v -2.3400 2.0000 0.3000
v -2.3400 1.5000 0.3000
v -2.2600 1.5000 0.3000
v -1.2600 1.5000 0.3000
v -1.2600 2.0000 0.3000
v -2.2600 2.0000 0.3000
v -2.2600 1.5000 0.0000
v -2.2600 2.0000 0.0000
v -1.2600 2.0000 0.0000
v -1.2600 1.5000 0.0000
v -2.2600 2.0000 0.0000
v -2.2600 2.0000 0.3000
v -1.2600 2.0000 0.3000
v -1.2600 2.0000 0.0000
v -2.2600 1.5000 0.0000
v -1.2600 1.5000 0.0000
v -1.2600 1.5000 0.3000
v -2.2600 1.5000 0.3000
v -2.2600 1.5000 0.0000
v -2.2600 1.5000 0.3000
v -2.2600 2.0000 0.3000
v -2.2600 2.0000 0.0000
v -1.2600 1.5000 0.0000
v -1.2600 2.0000 0.0000
v -1.2600 2.0000 0.3000
v -1.2600 1.5000 0.3000
v -1.1800 1.5000 0.3000
v -0.1800 1.5000 0.3000
v -0.1800 2.0000 0.3000
v -1.1800 2.0000 0.3000
v -1.1800 1.5000 0.0000
v -1.1800 2.0000 0.0000
v -0.1800 2.0000 0.0000
v -0.1800 1.5000 0.0000
v -1.1800 2.0000 0.0000
v -1.1800 2.0000 0.3000
v -0.1800 2.0000 0.3000
v -0.1800 2.0000 0.0000
v -1.1800 1.5000 0.0000
v -0.1800 1.5000 0.0000
v -0.1800 1.5000 0.3000
v -1.1800 1.5000 0.3000
v -1.1800 1.5000 0.0000
v -1.1800 1.5000 0.3000
v -1.1800 2.0000 0.3000
v -1.1800 2.0000 0.0000
v -0.1800 1.5000 0.0000
v -0.1800 2.0000 0.0000
v -0.1800 2.0000 0.3000
v -0.1800 1.5000 0.3000
v -0.1000 1.5000 0.3000
v 0.9000 1.5000 0.3000
v 0.9000 2.0000 0.3000
v -0.1000 2.0000 0.3000
v -0.1000 1.5000 0.0000
v -0.1000 2.0000 0.0000
v 0.9000 2.0000 0.0000
v 0.9000 1.5000 0.0000
v -0.1000 2.0000 0.0000
v -0.1000 2.0000 0.3000
v 0.9000 2.0000 0.3000
v 0.9000 2.0000 0.0000
v -0.1000 1.5000 0.0000
v 0.9000 1.5000 0.0000
v 0.9000 1.5000 0.3000
v -0.1000 1.5000 0.3000
v -0.1000 1.5000 0.0000
v -0.1000 1.5000 0.3000
v -0.1000 2.0000 0.3000
v -0.1000 2.0000 0.0000
v 0.9000 1.5000 0.0000
v 0.9000 2.0000 0.0000
v 0.9000 2.0000 0.3000
v 0.9000 1.5000 0.3000
v 0.9800 1.5000 0.3000
v 1.9800 1.5000 0.3000
v 1.9800 2.0000 0.3000
v 0.9800 2.0000 0.3000
v 0.9800 1.5000 0.0000
v 0.9800 2.0000 0.0000
v 1.9800 2.0000 0.0000
v 1.9800 1.5000 0.0000
v 0.9800 2.0000 0.0000
v 0.9800 2.0000 0.3000
v 1.9800 2.0000 0.3000
v 1.9800 2.0000 0.0000
v 0.9800 1.5000 0.0000
v 1.9800 1.5000 0.0000
v 1.9800 1.5000 0.3000
v 0.9800 1.5000 0.3000
v 0.9800 1.5000 0.0000
v 0.9800 1.5000 0.3000
v 0.9800 2.0000 0.3000
v 0.9800 2.0000 0.0000
v 1.9800 1.5000 0.0000
v 1.9800 2.0000 0.0000
v 1.9800 2.0000 0.3000
v 1.9800 1.5000 0.3000
v 2.0600 1.5000 0.3000
v 3.0600 1.5000 0.3000
v 3.0600 2.0000 0.3000
v 2.0600 2.0000 0.3000
v 2.0600 1.5000 0.0000
v 2.0600 2.0000 0.0000
v 3.0600 2.0000 0.0000
v 3.0600 1.5000 0.0000
v 2.0600 2.0000 0.0000
v 2.0600 2.0000 0.3000
v 3.0600 2.0000 0.3000
v 3.0600 2.0000 0.0000
v 2.0600 1.5000 0.0000
v 3.0600 1.5000 0.0000
v 3.0600 1.5000 0.3000
v 2.0600 1.5000 0.3000
v 2.0600 1.5000 0.0000
v 2.0600 1.5000 0.3000
v 2.0600 2.0000 0.3000
v 2.0600 2.0000 0.0000
v 3.0600 1.5000 0.0000
v 3.0600 2.0000 0.0000
v 3.0600 2.0000 0.3000
v 3.0600 1.5000 0.3000
v 3.1400 1.5000 0.3000
v 4.1400 1.5000 0.3000
v 4.1400 2.0000 0.3000
v 3.1400 2.0000 0.3000
v 3.1400 1.5000 0.0000
v 3.1400 2.0000 0.0000
v 4.1400 2.0000 0.0000
v 4.1400 1.5000 0.0000
v 3.1400 2.0000 0.0000
v 3.1400 2.0000 0.3000
v 4.1400 2.0000 0.3000
v 4.1400 2.0000 0.0000
v 3.1400 1.5000 0.0000
v 4.1400 1.5000 0.0000
v 4.1400 1.5000 0.3000
v 3.1400 1.5000 0.3000
v 3.1400 1.5000 0.0000
v 3.1400 1.5000 0.3000
v 3.1400 2.0000 0.3000
v 3.1400 2.0000 0.0000
v 4.1400 1.5000 0.0000
v 4.1400 2.0000 0.0000
v 4.1400 2.0000 0.3000
v 4.1400 1.5000 0.3000
v 4.2200 1.5000 0.3000
v 5.2200 1.5000 0.3000
v 5.2200 2.0000 0.3000
v 4.2200 2.0000 0.3000
v 4.2200 1.5000 0.0000
v 4.2200 2.0000 0.0000
v 5.2200 2.0000 0.0000
v 5.2200 1.5000 0.0000
v 4.2200 2.0000 0.0000
v 4.2200 2.0000 0.3000
v 5.2200 2.0000 0.3000
v 5.2200 2.0000 0.0000
v 4.2200 1.5000 0.0000
v 5.2200 1.5000 0.0000
v 5.2200 1.5000 0.3000
v 4.2200 1.5000 0.3000
v 4.2200 1.5000 0.0000
v 4.2200 1.5000 0.3000
v 4.2200 2.0000 0.3000
v 4.2200 2.0000 0.0000
v 5.2200 1.5000 0.0000
v 5.2200 2.0000 0.0000
v 5.2200 2.0000 0.3000
v 5.2200 1.5000 0.3000
v 5.3000 1.5000 0.3000
v 6.0000 1.5000 0.3000
v 6.0000 2.0000 0.3000
v 5.3000 2.0000 0.3000
v 5.3000 1.5000 0.0000
v 5.3000 2.0000 0.0000
v 6.0000 2.0000 0.0000
v 6.0000 1.5000 0.0000
v 5.3000 2.0000 0.0000
v 5.3000 2.0000 0.3000
v 6.0000 2.0000 0.3000
v 6.0000 2.0000 0.0000
v 5.3000 1.5000 0.0000
v 6.0000 1.5000 0.0000
v 6.0000 1.5000 0.3000
v 5.3000 1.5000 0.3000
v 5.3000 1.5000 0.0000
v 5.3000 1.5000 0.3000
v 5.3000 2.0000 0.3000
v 5.3000 2.0000 0.0000
v 6.0000 1.5000 0.0000
v 6.0000 2.0000 0.0000
v 6.0000 2.0000 0.3000
v 6.0000 1.5000 0.3000
f 1 2 3 4 color 0.1891 0.1324 0.0945
f 5 6 7 8 color 0.1682 0.1177 0.0841
f 9 10 11 12 color 0.2392 0.1674 0.1196
f 13 14 15 16 color 0.2048 0.1434 0.1024
f 17 18 19 20 color 0.2471 0.1730 0.1236
f 21 22 23 24 color 0.5568 0.5011 0.3898
f 25 26 27 28 color 0.1754 0.1228 0.0877
f 29 30 31 32 color 0.2041 0.1429 0.1021
f 33 34 35 36 color 0.2119 0.1483 0.1059
f 37 38 39 40 color 0.1870 0.1309 0.0935
f 41 42 43 44 color 0.1799 0.1259 0.0899
f 45 46 47 48 color 0.2461 0.1722 0.1230
f 49 50 51 52 color 0.2078 0.1454 0.1039
f 53 54 55 56 color 0.1569 0.1099 0.0785
f 57 58 59 60 color 0.6326 0.5694 0.4428
f 61 62 63 64 color 0.1763 0.1234 0.0882
f 65 66 67 68 color 0.2328 0.1630 0.1164
f 69 70 71 72 color 0.2493 0.1745 0.1247
f 73 74 75 76 color 0.2278 0.1594 0.1139
f 77 78 79 80 color 0.2321 0.1625 0.1161
f 81 82 83 84 color 0.1884 0.1319 0.0942
f 85 86 87 88 color 0.2438 0.1706 0.1219
f 89 90 91 92 color 0.1744 0.1221 0.0872
f 93 94 95 96 color 0.1605 0.1123 0.0802
f 97 98 99 100 color 0.5541 0.4986 0.3878
f 101 102 103 104 color 0.2419 0.1694 0.1210
f 105 106 107 108 color 0.1770 0.1239 0.0885
f 109 110 111 112 color 0.2244 0.1571 0.1122
f 113 114 115 116 color 0.2430 0.1701 0.1215
f 117 118 119 120 color 0.2344 0.1641 0.1172
f 121 122 123 124 color 0.2392 0.1674 0.1196
f 125 126 127 128 color 0.5615 0.5054 0.3931
f 129 130 131 132 color 0.2323 0.1626 0.1161
f 133 134 135 136 color 0.1994 0.1396 0.0997
f 137 138 139 140 color 0.2008 0.1405 0.1004
f 141 142 143 144 color 0.2340 0.1638 0.1170
f 145 146 147 148 color 0.1689 0.1182 0.0845
f 149 150 151 152 color 0.1804 0.1263 0.0902
f 153 154 155 156 color 0.2347 0.1643 0.1174
f 157 158 159 160 color 0.5876 0.5288 0.4113
f 161 162 163 164 color 0.2258 0.1580 0.1129
f 165 166 167 168 color 0.2385 0.1670 0.1193
f 169 170 171 172 color 0.2437 0.1706 0.1219
f 173 174 175 176 color 0.1964 0.1375 0.0982
f 177 178 179 180 color 0.1985 0.1390 0.0993
f 181 182 183 184 color 0.2400 0.1680 0.1200
f 185 186 187 188 color 0.2499 0.1749 0.1250
f 189 190 191 192 color 0.2154 0.1508 0.1077
f 193 194 195 196 color 0.2265 0.1585 0.1132
f 197 198 199 200 color 0.1665 0.1166 0.0833
f 201 202 203 204 color 0.1645 0.1151 0.0822
f 205 206 207 208 color 0.6282 0.5654 0.4398
f 209 210 211 212 color 0.2094 0.1466 0.1047
f 213 214 215 216 color 0.6403 0.5762 0.4482
f 217 218 219 220 color 0.2200 0.1540 0.1100
f 221 222 223 224 color 0.2455 0.1719 0.1228
f 225 226 227 228 color 0.5503 0.4953 0.3852
f 229 230 231 232 color 0.2372 0.1661 0.1186
f 233 234 235 236 color 0.5724 0.5152 0.4007
f 237 238 239 240 color 0.1666 0.1166 0.0833
f 241 242 243 244 color 0.2199 0.1539 0.1100
f 245 246 247 248 color 0.2422 0.1695 0.1211
f 249 250 251 252 color 0.1831 0.1281 0.0915
f 253 254 255 256 color 0.2173 0.1521 0.1086
f 257 258 259 260 color 0.2045 0.1431 0.1022
f 261 262 263 264 color 0.1790 0.1253 0.0895
f 265 266 267 268 color 0.2020 0.1414 0.1010
f 269 270 271 272 color 0.1585 0.1110 0.0793
f 273 274 275 276 color 0.1871 0.1310 0.0936
f 277 278 279 280 color 0.1815 0.1270 0.0907
f 281 282 283 284 color 0.2033 0.1423 0.1017
f 285 286 287 288 color 0.2293 0.1605 0.1146
f 289 290 291 292 color 0.2124 0.1487 0.1062
f 293 294 295 296 color 0.6215 0.5593 0.4350
f 297 298 299 300 color 0.2136 0.1495 0.1068
f 301 302 303 304 color 0.5994 0.5395 0.4196
f 305 306 307 308 color 0.1541 0.1079 0.0771
f 309 310 311 312 color 0.2394 0.1675 0.1197
f 313 314 315 316 color 0.2287 0.1601 0.1143
f 317 318 319 320 color 0.1688 0.1182 0.0844
f 321 322 323 324 color 0.2120 0.1484 0.1060
f 325 326 327 328 color 0.5519 0.4967 0.3863
f 329 330 331 332 color 0.1942 0.1359 0.0971
f 333 334 335 336 color 0.1885 0.1319 0.0942
f 337 338 339 340 color 0.1949 0.1365 0.0975
f 341 342 343 344 color 0.1924 0.1347 0.0962
f 345 346 347 348 color 0.2232 0.1563 0.1116
f 349 350 351 352 color 0.2160 0.1512 0.1080
f 353 354 355 356 color 0.2381 0.1667 0.1190
f 357 358 359 360 color 0.1500 0.1050 0.0750
f 361 362 363 364 color 0.2278 0.1594 0.1139
f 365 366 367 368 color 0.2410 0.1687 0.1205
f 369 370 371 372 color 0.1664 0.1165 0.0832
f 373 374 375 376 color 0.2311 0.1618 0.1156
f 377 378 379 380 color 0.1507 0.1055 0.0754
f 381 382 383 384 color 0.1970 0.1379 0.0985
f 385 386 387 388 color 0.2019 0.1413 0.1009
f 389 390 391 392 color 0.1834 0.1284 0.0917
f 393 394 395 396 color 0.2001 0.1401 0.1001
f 397 398 399 400 color 0.1901 0.1331 0.0951
f 401 402 403 404 color 0.1806 0.1264 0.0903
f 405 406 407 408 color 0.1758 0.1230 0.0879
f 409 410 411 412 color 0.2399 0.1679 0.1200
f 413 414 415 416 color 0.1771 0.1239 0.0885
f 417 418 419 420 color 0.1582 0.1107 0.0791
f 421 422 423 424 color 0.1711 0.1197 0.0855
f 425 426 427 428 color 0.1721 0.1205 0.0861
f 429 430 431 432 color 0.2109 0.1476 0.1054
f 433 434 435 436 color 0.2054 0.1438 0.1027
f 437 438 439 440 color 0.2200 0.1540 0.1100
f 441 442 443 444 color 0.1874 0.1312 0.0937
f 445 446 447 448 color 0.1889 0.1323 0.0945
f 449 450 451 452 color 0.6330 0.5697 0.4431
f 453 454 455 456 color 0.2091 0.1463 0.1045
f 457 458 459 460 color 0.2405 0.1683 0.1202
f 461 462 463 464 color 0.2021 0.1415 0.1010
f 465 466 467 468 color 0.2039 0.1427 0.1020
f 469 470 471 472 color 0.1755 0.1229 0.0878
f 473 474 475 476 color 0.2356 0.1649 0.1178
f 477 478 479 480 color 0.2446 0.1712 0.1223
f 481 482 483 484 color 0.1980 0.1386 0.0990
f 485 486 487 488 color 0.5612 0.5050 0.3928
f 489 490 491 492 color 0.1542 0.1079 0.0771
f 493 494 495 496 color 0.1726 0.1208 0.0863
f 497 498 499 500 color 0.1670 0.1169 0.0835
f 501 502 503 504 color 0.2097 0.1468 0.1048
f 505 506 507 508 color 0.2314 0.1620 0.1157
f 509 510 511 512 color 0.6410 0.5769 0.4487
f 513 514 515 516 color 0.2059 0.1441 0.1030
f 517 518 519 520 color 0.1770 0.1239 0.0885
f 521 522 523 524 color 0.2042 0.1429 0.1021
f 525 526 527 528 color 0.2238 0.1567 0.1119
f 529 530 531 532 color 0.2377 0.1664 0.1188
f 533 534 535 536 color 0.1943 0.1360 0.0971
f 537 538 539 540 color 0.2098 0.1468 0.1049
f 541 542 543 544 color 0.6021 0.5419 0.4215
f 545 546 547 548 color 0.2232 0.1563 0.1116
f 549 550 551 552 color 0.1713 0.1199 0.0856
f 553 554 555 556 color 0.1770 0.1239 0.0885
f 557 558 559 560 color 0.1630 0.1141 0.0815
f 561 562 563 564 color 0.2118 0.1483 0.1059
f 565 566 567 568 color 0.2069 0.1449 0.1035
f 569 570 571 572 color 0.1870 0.1309 0.0935
f 573 574 575 576 color 0.5957 0.5361 0.4170
f 577 578 579 580 color 0.2367 0.1657 0.1184
f 581 582 583 584 color 0.5796 0.5216 0.4057
f 585 586 587 588 color 0.1946 0.1362 0.0973
f 589 590 591 592 color 0.1717 0.1202 0.0858
f 593 594 595 596 color 0.1512 0.1058 0.0756
f 597 598 599 600 color 0.1667 0.1167 0.0834
f 601 602 603 604 color 0.1562 0.1093 0.0781
f 605 606 607 608 color 0.2280 0.1596 0.1140
f 609 610 611 612 color 0.2278 0.1595 0.1139
f 613 614 615 616 color 0.2251 0.1576 0.1126
f 617 618 619 620 color 0.5548 0.4993 0.3883
f 621 622 623 624 color 0.1955 0.1369 0.0978
f 625 626 627 628 color 0.2494 0.1746 0.1247
f 629 630 631 632 color 0.2203 0.1542 0.1101
f 633 634 635 636 color 0.1748 0.1223 0.0874
f 637 638 639 640 color 0.1881 0.1317 0.0940
f 641 642 643 644 color 0.1526 0.1068 0.0763
f 645 646 647 648 color 0.1934 0.1354 0.0967
f 649 650 651 652 color 0.6484 0.5836 0.4539
f 653 654 655 656 color 0.2173 0.1521 0.1087
f 657 658 659 660 color 0.1698 0.1188 0.0849
f 661 662 663 664 color 0.1824 0.1277 0.0912
f 665 666 667 668 color 0.2079 0.1455 0.1039
f 669 670 671 672 color 0.1827 0.1279 0.0913
f 673 674 675 676 color 0.2168 0.1517 0.1084
f 677 678 679 680 color 0.2175 0.1522 0.1087
f 681 682 683 684 color 0.6364 0.5728 0.4455
f 685 686 687 688 color 0.2343 0.1640 0.1172
f 689 690 691 692 color 0.1690 0.1183 0.0845
f 693 694 695 696 color 0.1680 0.1176 0.0840
f 697 698 699 700 color 0.1818 0.1272 0.0909
f 701 702 703 704 color 0.1697 0.1188 0.0849
f 705 706 707 708 color 0.1766 0.1236 0.0883
f 709 710 711 712 color 0.2314 0.1620 0.1157
f 713 714 715 716 color 0.1592 0.1115 0.0796
f 717 718 719 720 color 0.1756 0.1229 0.0878
f 721 722 723 724 color 0.2093 0.1465 0.1046
f 725 726 727 728 color 0.1884 0.1319 0.0942
f 729 730 731 732 color 0.1587 0.1111 0.0793
f 733 734 735 736 color 0.2315 0.1620 0.1157
f 737 738 739 740 color 0.1857 0.1300 0.0928
f 741 742 743 744 color 0.2238 0.1566 0.1119
f 745 746 747 748 color 0.1724 0.1207 0.0862
f 749 750 751 752 color 0.2006 0.1405 0.1003
f 753 754 755 756 color 0.2409 0.1686 0.1204
f 757 758 759 760 color 0.2396 0.1677 0.1198
f 761 762 763 764 color 0.6186 0.5568 0.4330
f 765 766 767 768 color 0.2039 0.1427 0.1019
f 769 770 771 772 color 0.1795 0.1256 0.0897
f 773 774 775 776 color 0.2077 0.1454 0.1039
f 777 778 779 780 color 0.2298 0.1608 0.1149
f 781 782 783 784 color 0.6486 0.5837 0.4540
f 785 786 787 788 color 0.1972 0.1380 0.0986
f 789 790 791 792 color 0.5622 0.5060 0.3936
f 793 794 795 796 color 0.1537 0.1076 0.0769
f 797 798 799 800 color 0.1705 0.1193 0.0852
f 801 802 803 804 color 0.2493 0.1745 0.1246
f 805 806 807 808 color 0.1777 0.1244 0.0888
f 809 810 811 812 color 0.1768 0.1238 0.0884
f 813 814 815 816 color 0.2041 0.1428 0.1020
f 817 818 819 820 color 0.2261 0.1583 0.1131
f 821 822 823 824 color 0.1688 0.1182 0.0844
f 825 826 827 828 color 0.1945 0.1361 0.0972
f 829 830 831 832 color 0.2282 0.1598 0.1141
f 833 834 835 836 color 0.1850 0.1295 0.0925
f 837 838 839 840 color 0.1817 0.1272 0.0909
f 841 842 843 844 color 0.1778 0.1245 0.0889
f 845 846 847 848 color 0.2039 0.1427 0.1020
f 849 850 851 852 color 0.1939 0.1357 0.0969
f 853 854 855 856 color 0.1873 0.1311 0.0936
f 857 858 859 860 color 0.2143 0.1500 0.1072
f 861 862 863 864 color 0.1861 0.1303 0.0930
f 865 866 867 868 color 0.1632 0.1143 0.0816
f 869 870 871 872 color 0.2260 0.1582 0.1130
f 873 874 875 876 color 0.6391 0.5752 0.4474
f 877 878 879 880 color 0.1727 0.1209 0.0863
f 881 882 883 884 color 0.2470 0.1729 0.1235
f 885 886 887 888 color 0.1965 0.1375 0.0982
f 889 890 891 892 color 0.6135 0.5522 0.4295
f 893 894 895 896 color 0.2486 0.1740 0.1243
f 897 898 899 900 color 0.2388 0.1672 0.1194
f 901 902 903 904 color 0.1754 0.1228 0.0877
f 905 906 907 908 color 0.1970 0.1379 0.0985
f 909 910 911 912 color 0.1969 0.1379 0.0985
f 913 914 915 916 color 0.2251 0.1576 0.1126
f 917 918 919 920 color 0.6157 0.5541 0.4310
f 921 922 923 924 color 0.2488 0.1741 0.1244
f 925 926 927 928 color 0.2104 0.1473 0.1052
f 929 930 931 932 color 0.1533 0.1073 0.0766
f 933 934 935 936 color 0.5682 0.5114 0.3977
f 937 938 939 940 color 0.1848 0.1293 0.0924
f 941 942 943 944 color 0.2212 0.1548 0.1106
f 945 946 947 948 color 0.1533 0.1073 0.0767
f 949 950 951 952 color 0.2150 0.1505 0.1075
f 953 954 955 956 color 0.1964 0.1375 0.0982
f 957 958 959 960 color 0.6443 0.5799 0.4510
f 961 962 963 964 color 0.1908 0.1335 0.0954
f 965 966 967 968 color 0.1909 0.1337 0.0955
f 969 970 971 972 color 0.2304 0.1612 0.1152
f 973 974 975 976 color 0.2169 0.1518 0.1085
f 977 978 979 980 color 0.1883 0.1318 0.0942
f 981 982 983 984 color 0.1512 0.1058 0.0756
f 985 986 987 988 color 0.1666 0.1166 0.0833
f 989 990 991 992 color 0.1758 0.1230 0.0879
f 993 994 995 996 color 0.1536 0.1075 0.0768
f 997 998 999 1000 color 0.1952 0.1366 0.0976
f 1001 1002 1003 1004 color 0.1670 0.1169 0.0835
f 1005 1006 1007 1008 color 0.1780 0.1246 0.0890
f 1009 1010 1011 1012 color 0.1549 0.1085 0.0775
f 1013 1014 1015 1016 color 0.2256 0.1579 0.1128
f 1017 1018 1019 1020 color 0.1789 0.1253 0.0895
f 1021 1022 1023 1024 color 0.2020 0.1414 0.1010
f 1025 1026 1027 1028 color 0.2048 0.1433 0.1024
f 1029 1030 1031 1032 color 0.1670 0.1169 0.0835
f 1033 1034 1035 1036 color 0.1895 0.1326 0.0947
f 1037 1038 1039 1040 color 0.1575 0.1102 0.0787
f 1041 1042 1043 1044 color 0.6252 0.5627 0.4377
f 1045 1046 1047 1048 color 0.2468 0.1728 0.1234
f 1049 1050 1051 1052 color 0.2113 0.1479 0.1057
f 1053 1054 1055 1056 color 0.6291 0.5662 0.4404
f 1057 1058 1059 1060 color 0.1604 0.1123 0.0802
f 1061 1062 1063 1064 color 0.1889 0.1322 0.0944
f 1065 1066 1067 1068 color 0.2206 0.1544 0.1103
f 1069 1070 1071 1072 color 0.1609 0.1126 0.0805
f 1073 1074 1075 1076 color 0.2137 0.1496 0.1068
f 1077 1078 1079 1080 color 0.1709 0.1197 0.0855
f 1081 1082 1083 1084 color 0.2438 0.1706 0.1219
f 1085 1086 1087 1088 color 0.1939 0.1357 0.0969
f 1089 1090 1091 1092 color 0.1714 0.1200 0.0857
f 1093 1094 1095 1096 color 0.1547 0.1083 0.0774
f 1097 1098 1099 1100 color 0.6400 0.5760 0.4480
f 1101 1102 1103 1104 color 0.2401 0.1681 0.1200
