# wall.txt - brick wall
v -6.0000 0.0000 0.3000
v -5.0000 0.0000 0.3000
v -5.0000 0.5000 0.3000
v -6.0000 0.5000 0.3000
v -6.0000 0.0000 0.0000
v -6.0000 0.5000 0.0000
v -5.0000 0.5000 0.0000
v -5.0000 0.0000 0.0000
v -6.0000 0.5000 0.0000
v -6.0000 0.5000 0.3000
v -5.0000 0.5000 0.3000
v -5.0000 0.5000 0.0000
v -6.0000 0.0000 0.0000
v -5.0000 0.0000 0.0000
v -5.0000 0.0000 0.3000
v -6.0000 0.0000 0.3000
v -6.0000 0.0000 0.0000
v -6.0000 0.0000 0.3000
v -6.0000 0.5000 0.3000
v -6.0000 0.5000 0.0000
v -5.0000 0.0000 0.0000
v -5.0000 0.5000 0.0000
v -5.0000 0.5000 0.3000
v -5.0000 0.0000 0.3000
v -4.9200 0.0000 0.3000
v -3.9200 0.0000 0.3000
v -3.9200 0.5000 0.3000
v -4.9200 0.5000 0.3000
v -4.9200 0.0000 0.0000
v -4.9200 0.5000 0.0000
v -3.9200 0.5000 0.0000
v -3.9200 0.0000 0.0000
v -4.9200 0.5000 0.0000
v -4.9200 0.5000 0.3000
v -3.9200 0.5000 0.3000
v -3.9200 0.5000 0.0000
v -4.9200 0.0000 0.0000
v -3.9200 0.0000 0.0000
v -3.9200 0.0000 0.3000
v -4.9200 0.0000 0.3000
v -4.9200 0.0000 0.0000
v -4.9200 0.0000 0.3000
v -4.9200 0.5000 0.3000
v -4.9200 0.5000 0.0000
v -3.9200 0.0000 0.0000
v -3.9200 0.5000 0.0000
v -3.9200 0.5000 0.3000
v -3.9200 0.0000 0.3000
v -3.8400 0.0000 0.3000
v -2.8400 0.0000 0.3000
v -2.8400 0.5000 0.3000
v -3.8400 0.5000 0.3000
v -3.8400 0.0000 0.0000
v -3.8400 0.5000 0.0000
v -2.8400 0.5000 0.0000
v -2.8400 0.0000 0.0000
v -3.8400 0.5000 0.0000
v -3.8400 0.5000 0.3000
v -2.8400 0.5000 0.3000
v -2.8400 0.5000 0.0000
v -3.8400 0.0000 0.0000
v -2.8400 0.0000 0.0000
v -2.8400 0.0000 0.3000
v -3.8400 0.0000 0.3000
v -3.8400 0.0000 0.0000
v -3.8400 0.0000 0.3000
v -3.8400 0.5000 0.3000
v -3.8400 0.5000 0.0000
v -2.8400 0.0000 0.0000
v -2.8400 0.5000 0.0000
v -2.8400 0.5000 0.3000
v -2.8400 0.0000 0.3000
v -2.7600 0.0000 0.3000
v -1.7600 0.0000 0.3000
v -1.7600 0.5000 0.3000
v -2.7600 0.5000 0.3000
v -2.7600 0.0000 0.0000
v -2.7600 0.5000 0.0000
v -1.7600 0.5000 0.0000
v -1.7600 0.0000 0.0000
v -2.7600 0.5000 0.0000
v -2.7600 0.5000 0.3000
v -1.7600 0.5000 0.3000
v -1.7600 0.5000 0.0000
v -2.7600 0.0000 0.0000
v -1.7600 0.0000 0.0000
v -1.7600 0.0000 0.3000
v -2.7600 0.0000 0.3000
v -2.7600 0.0000 0.0000
v -2.7600 0.0000 0.3000
v -2.7600 0.5000 0.3000
v -2.7600 0.5000 0.0000
v -1.7600 0.0000 0.0000
v -1.7600 0.5000 0.0000
v -1.7600 0.5000 0.3000
v -1.7600 0.0000 0.3000
v -1.6800 0.0000 0.3000
v -0.6800 0.0000 0.3000
v -0.6800 0.5000 0.3000
v -1.6800 0.5000 0.3000
v -1.6800 0.0000 0.0000
v -1.6800 0.5000 0.0000
v -0.6800 0.5000 0.0000
v -0.6800 0.0000 0.0000
v -1.6800 0.5000 0.0000
v -1.6800 0.5000 0.3000
v -0.6800 0.5000 0.3000
v -0.6800 0.5000 0.0000
v -1.6800 0.0000 0.0000
v -0.6800 0.0000 0.0000
v -0.6800 0.0000 0.3000
v -1.6800 0.0000 0.3000
v -1.6800 0.0000 0.0000
v -1.6800 0.0000 0.3000
v -1.6800 0.5000 0.3000
v -1.6800 0.5000 0.0000
v -0.6800 0.0000 0.0000
v -0.6800 0.5000 0.0000
v -0.6800 0.5000 0.3000
v -0.6800 0.0000 0.3000
v -0.6000 0.0000 0.3000
v 0.4000 0.0000 0.3000
v 0.4000 0.5000 0.3000
v -0.6000 0.5000 0.3000
v -0.6000 0.0000 0.0000
v -0.6000 0.5000 0.0000
v 0.4000 0.5000 0.0000
v 0.4000 0.0000 0.0000
v -0.6000 0.5000 0.0000
v -0.6000 0.5000 0.3000
v 0.4000 0.5000 0.3000
v 0.4000 0.5000 0.0000
v -0.6000 0.0000 0.0000
v 0.4000 0.0000 0.0000
v 0.4000 0.0000 0.3000
v -0.6000 0.0000 0.3000
v -0.6000 0.0000 0.0000
v -0.6000 0.0000 0.3000
v -0.6000 0.5000 0.3000
v -0.6000 0.5000 0.0000
v 0.4000 0.0000 0.0000
v 0.4000 0.5000 0.0000
v 0.4000 0.5000 0.3000
v 0.4000 0.0000 0.3000
v 0.4800 0.0000 0.3000
v 1.4800 0.0000 0.3000
v 1.4800 0.5000 0.3000
v 0.4800 0.5000 0.3000
v 0.4800 0.0000 0.0000
v 0.4800 0.5000 0.0000
v 1.4800 0.5000 0.0000
v 1.4800 0.0000 0.0000
v 0.4800 0.5000 0.0000
v 0.4800 0.5000 0.3000
v 1.4800 0.5000 0.3000
v 1.4800 0.5000 0.0000
v 0.4800 0.0000 0.0000
v 1.4800 0.0000 0.0000
v 1.4800 0.0000 0.3000
v 0.4800 0.0000 0.3000
v 0.4800 0.0000 0.0000
v 0.4800 0.0000 0.3000
v 0.4800 0.5000 0.3000
v 0.4800 0.5000 0.0000
v 1.4800 0.0000 0.0000
v 1.4800 0.5000 0.0000
v 1.4800 0.5000 0.3000
v 1.4800 0.0000 0.3000
v 1.5600 0.0000 0.3000
v 2.5600 0.0000 0.3000
v 2.5600 0.5000 0.3000
v 1.5600 0.5000 0.3000
v 1.5600 0.0000 0.0000
v 1.5600 0.5000 0.0000
v 2.5600 0.5000 0.0000
v 2.5600 0.0000 0.0000
v 1.5600 0.5000 0.0000
v 1.5600 0.5000 0.3000
v 2.5600 0.5000 0.3000
v 2.5600 0.5000 0.0000
v 1.5600 0.0000 0.0000
v 2.5600 0.0000 0.0000
v 2.5600 0.0000 0.3000
v 1.5600 0.0000 0.3000
v 1.5600 0.0000 0.0000
v 1.5600 0.0000 0.3000
v 1.5600 0.5000 0.3000
v 1.5600 0.5000 0.0000
v 2.5600 0.0000 0.0000
v 2.5600 0.5000 0.0000
v 2.5600 0.5000 0.3000
v 2.5600 0.0000 0.3000
v 2.6400 0.0000 0.3000
v 3.6400 0.0000 0.3000
v 3.6400 0.5000 0.3000
v 2.6400 0.5000 0.3000
v 2.6400 0.0000 0.0000
v 2.6400 0.5000 0.0000
v 3.6400 0.5000 0.0000
v 3.6400 0.0000 0.0000
v 2.6400 0.5000 0.0000
v 2.6400 0.5000 0.3000
v 3.6400 0.5000 0.3000
v 3.6400 0.5000 0.0000
v 2.6400 0.0000 0.0000
v 3.6400 0.0000 0.0000
v 3.6400 0.0000 0.3000
v 2.6400 0.0000 0.3000
v 2.6400 0.0000 0.0000
v 2.6400 0.0000 0.3000
v 2.6400 0.5000 0.3000
v 2.6400 0.5000 0.0000
v 3.6400 0.0000 0.0000
v 3.6400 0.5000 0.0000
v 3.6400 0.5000 0.3000
v 3.6400 0.0000 0.3000
v 3.7200 0.0000 0.3000
v 4.7200 0.0000 0.3000
v 4.7200 0.5000 0.3000
v 3.7200 0.5000 0.3000
v 3.7200 0.0000 0.0000
v 3.7200 0.5000 0.0000
v 4.7200 0.5000 0.0000
v 4.7200 0.0000 0.0000
v 3.7200 0.5000 0.0000
v 3.7200 0.5000 0.3000
v 4.7200 0.5000 0.3000
v 4.7200 0.5000 0.0000
v 3.7200 0.0000 0.0000
v 4.7200 0.0000 0.0000
v 4.7200 0.0000 0.3000
v 3.7200 0.0000 0.3000
v 3.7200 0.0000 0.0000
v 3.7200 0.0000 0.3000
v 3.7200 0.5000 0.3000
v 3.7200 0.5000 0.0000
v 4.7200 0.0000 0.0000
v 4.7200 0.5000 0.0000
v 4.7200 0.5000 0.3000
v 4.7200 0.0000 0.3000
v 4.8000 0.0000 0.3000
v 5.8000 0.0000 0.3000
v 5.8000 0.5000 0.3000
v 4.8000 0.5000 0.3000
v 4.8000 0.0000 0.0000
v 4.8000 0.5000 0.0000
v 5.8000 0.5000 0.0000
v 5.8000 0.0000 0.0000
v 4.8000 0.5000 0.0000
v 4.8000 0.5000 0.3000
v 5.8000 0.5000 0.3000
v 5.8000 0.5000 0.0000
v 4.8000 0.0000 0.0000
v 5.8000 0.0000 0.0000
v 5.8000 0.0000 0.3000
v 4.8000 0.0000 0.3000
v 4.8000 0.0000 0.0000
v 4.8000 0.0000 0.3000
v 4.8000 0.5000 0.3000
v 4.8000 0.5000 0.0000
v 5.8000 0.0000 0.0000
v 5.8000 0.5000 0.0000
v 5.8000 0.5000 0.3000
v 5.8000 0.0000 0.3000
v 5.8800 0.0000 0.3000
v 6.0000 0.0000 0.3000
v 6.0000 0.5000 0.3000
v 5.8800 0.5000 0.3000
v 5.8800 0.0000 0.0000
v 5.8800 0.5000 0.0000
v 6.0000 0.5000 0.0000
v 6.0000 0.0000 0.0000
v 5.8800 0.5000 0.0000
v 5.8800 0.5000 0.3000
v 6.0000 0.5000 0.3000
v 6.0000 0.5000 0.0000
v 5.8800 0.0000 0.0000
v 6.0000 0.0000 0.0000
v 6.0000 0.0000 0.3000
v 5.8800 0.0000 0.3000
v 5.8800 0.0000 0.0000
v 5.8800 0.0000 0.3000
v 5.8800 0.5000 0.3000
v 5.8800 0.5000 0.0000
v 6.0000 0.0000 0.0000
v 6.0000 0.5000 0.0000
v 6.0000 0.5000 0.3000
v 6.0000 0.0000 0.3000
v -5.5000 0.5000 0.3000
v -4.5000 0.5000 0.3000
v -4.5000 1.0000 0.3000
v -5.5000 1.0000 0.3000
v -5.5000 0.5000 0.0000
v -5.5000 1.0000 0.0000
v -4.5000 1.0000 0.0000
v -4.5000 0.5000 0.0000
v -5.5000 1.0000 0.0000
v -5.5000 1.0000 0.3000
v -4.5000 1.0000 0.3000
v -4.5000 1.0000 0.0000
v -5.5000 0.5000 0.0000
v -4.5000 0.5000 0.0000
v -4.5000 0.5000 0.3000
v -5.5000 0.5000 0.3000
v -5.5000 0.5000 0.0000
v -5.5000 0.5000 0.3000
v -5.5000 1.0000 0.3000
v -5.5000 1.0000 0.0000
v -4.5000 0.5000 0.0000
v -4.5000 1.0000 0.0000
v -4.5000 1.0000 0.3000
v -4.5000 0.5000 0.3000
v -4.4200 0.5000 0.3000
v -3.4200 0.5000 0.3000
v -3.4200 1.0000 0.3000
v -4.4200 1.0000 0.3000
v -4.4200 0.5000 0.0000
v -4.4200 1.0000 0.0000
v -3.4200 1.0000 0.0000
v -3.4200 0.5000 0.0000
v -4.4200 1.0000 0.0000
v -4.4200 1.0000 0.3000
v -3.4200 1.0000 0.3000
v -3.4200 1.0000 0.0000
v -4.4200 0.5000 0.0000
v -3.4200 0.5000 0.0000
v -3.4200 0.5000 0.3000
v -4.4200 0.5000 0.3000
v -4.4200 0.5000 0.0000
v -4.4200 0.5000 0.3000
v -4.4200 1.0000 0.3000
v -4.4200 1.0000 0.0000
v -3.4200 0.5000 0.0000
v -3.4200 1.0000 0.0000
v -3.4200 1.0000 0.3000
v -3.4200 0.5000 0.3000
v -3.3400 0.5000 0.3000
v -2.3400 0.5000 0.3000
v -2.3400 1.0000 0.3000
v -3.3400 1.0000 0.3000
v -3.3400 0.5000 0.0000
v -3.3400 1.0000 0.0000
v -2.3400 1.0000 0.0000
v -2.3400 0.5000 0.0000
v -3.3400 1.0000 0.0000
v -3.3400 1.0000 0.3000
v -2.3400 1.0000 0.3000
v -2.3400 1.0000 0.0000
v -3.3400 0.5000 0.0000
v -2.3400 0.5000 0.0000
v -2.3400 0.5000 0.3000
v -3.3400 0.5000 0.3000
v -3.3400 0.5000 0.0000
v -3.3400 0.5000 0.3000
v -3.3400 1.0000 0.3000
v -3.3400 1.0000 0.0000
v -2.3400 0.5000 0.0000
v -2.3400 1.0000 0.0000
v -2.3400 1.0000 0.3000
v -2.3400 0.5000 0.3000
v -2.2600 0.5000 0.3000
v -1.2600 0.5000 0.3000
v -1.2600 1.0000 0.3000
v -2.2600 1.0000 0.3000
v -2.2600 0.5000 0.0000
v -2.2600 1.0000 0.0000
v -1.2600 1.0000 0.0000
v -1.2600 0.5000 0.0000
v -2.2600 1.0000 0.0000
v -2.2600 1.0000 0.3000
v -1.2600 1.0000 0.3000
v -1.2600 1.0000 0.0000
v -2.2600 0.5000 0.0000
v -1.2600 0.5000 0.0000
v -1.2600 0.5000 0.3000
v -2.2600 0.5000 0.3000
v -2.2600 0.5000 0.0000
v -2.2600 0.5000 0.3000
v -2.2600 1.0000 0.3000
v -2.2600 1.0000 0.0000
v -1.2600 0.5000 0.0000
v -1.2600 1.0000 0.0000
v -1.2600 1.0000 0.3000
v -1.2600 0.5000 0.3000
v -1.1800 0.5000 0.3000
v -0.1800 0.5000 0.3000
v -0.1800 1.0000 0.3000
v -1.1800 1.0000 0.3000
v -1.1800 0.5000 0.0000
v -1.1800 1.0000 0.0000
v -0.1800 1.0000 0.0000
v -0.1800 0.5000 0.0000
v -1.1800 1.0000 0.0000
v -1.1800 1.0000 0.3000
v -0.1800 1.0000 0.3000
v -0.1800 1.0000 0.0000
v -1.1800 0.5000 0.0000
v -0.1800 0.5000 0.0000
v -0.1800 0.5000 0.3000
v -1.1800 0.5000 0.3000
v -1.1800 0.5000 0.0000
v -1.1800 0.5000 0.3000
v -1.1800 1.0000 0.3000
v -1.1800 1.0000 0.0000
v -0.1800 0.5000 0.0000
v -0.1800 1.0000 0.0000
v -0.1800 1.0000 0.3000
v -0.1800 0.5000 0.3000
v -0.1000 0.5000 0.3000
v 0.9000 0.5000 0.3000
v 0.9000 1.0000 0.3000
v -0.1000 1.0000 0.3000
v -0.1000 0.5000 0.0000
v -0.1000 1.0000 0.0000
v 0.9000 1.0000 0.0000
v 0.9000 0.5000 0.0000
v -0.1000 1.0000 0.0000
v -0.1000 1.0000 0.3000
v 0.9000 1.0000 0.3000
v 0.9000 1.0000 0.0000
v -0.1000 0.5000 0.0000
v 0.9000 0.5000 0.0000
v 0.9000 0.5000 0.3000
v -0.1000 0.5000 0.3000
v -0.1000 0.5000 0.0000
v -0.1000 0.5000 0.3000
v -0.1000 1.0000 0.3000
v -0.1000 1.0000 0.0000
v 0.9000 0.5000 0.0000
v 0.9000 1.0000 0.0000
v 0.9000 1.0000 0.3000
v 0.9000 0.5000 0.3000
v 0.9800 0.5000 0.3000
v 1.9800 0.5000 0.3000
v 1.9800 1.0000 0.3000
v 0.9800 1.0000 0.3000
v 0.9800 0.5000 0.0000
v 0.9800 1.0000 0.0000
v 1.9800 1.0000 0.0000
v 1.9800 0.5000 0.0000
v 0.9800 1.0000 0.0000
v 0.9800 1.0000 0.3000
v 1.9800 1.0000 0.3000
v 1.9800 1.0000 0.0000
v 0.9800 0.5000 0.0000
v 1.9800 0.5000 0.0000
v 1.9800 0.5000 0.3000
v 0.9800 0.5000 0.3000
v 0.9800 0.5000 0.0000
v 0.9800 0.5000 0.3000
v 0.9800 1.0000 0.3000
v 0.9800 1.0000 0.0000
v 1.9800 0.5000 0.0000
v 1.9800 1.0000 0.0000
v 1.9800 1.0000 0.3000
v 1.9800 0.5000 0.3000
v 2.0600 0.5000 0.3000
v 3.0600 0.5000 0.3000
v 3.0600 1.0000 0.3000
v 2.0600 1.0000 0.3000
v 2.0600 0.5000 0.0000
v 2.0600 1.0000 0.0000
v 3.0600 1.0000 0.0000
v 3.0600 0.5000 0.0000
v 2.0600 1.0000 0.0000
v 2.0600 1.0000 0.3000
v 3.0600 1.0000 0.3000
v 3.0600 1.0000 0.0000
v 2.0600 0.5000 0.0000
v 3.0600 0.5000 0.0000
v 3.0600 0.5000 0.3000
v 2.0600 0.5000 0.3000
v 2.0600 0.5000 0.0000
v 2.0600 0.5000 0.3000
v 2.0600 1.0000 0.3000
v 2.0600 1.0000 0.0000
v 3.0600 0.5000 0.0000
v 3.0600 1.0000 0.0000
v 3.0600 1.0000 0.3000
v 3.0600 0.5000 0.3000
v 3.1400 0.5000 0.3000
v 4.1400 0.5000 0.3000
v 4.1400 1.0000 0.3000
v 3.1400 1.0000 0.3000
v 3.1400 0.5000 0.0000
v 3.1400 1.0000 0.0000
v 4.1400 1.0000 0.0000
v 4.1400 0.5000 0.0000
v 3.1400 1.0000 0.0000
v 3.1400 1.0000 0.3000
v 4.1400 1.0000 0.3000
v 4.1400 1.0000 0.0000
v 3.1400 0.5000 0.0000
v 4.1400 0.5000 0.0000
v 4.1400 0.5000 0.3000
v 3.1400 0.5000 0.3000
v 3.1400 0.5000 0.0000
v 3.1400 0.5000 0.3000
v 3.1400 1.0000 0.3000
v 3.1400 1.0000 0.0000
v 4.1400 0.5000 0.0000
v 4.1400 1.0000 0.0000
v 4.1400 1.0000 0.3000
v 4.1400 0.5000 0.3000
v 4.2200 0.5000 0.3000
v 5.2200 0.5000 0.3000
v 5.2200 1.0000 0.3000
v 4.2200 1.0000 0.3000
v 4.2200 0.5000 0.0000
v 4.2200 1.0000 0.0000
v 5.2200 1.0000 0.0000
v 5.2200 0.5000 0.0000
v 4.2200 1.0000 0.0000
v 4.2200 1.0000 0.3000
v 5.2200 1.0000 0.3000
v 5.2200 1.0000 0.0000
v 4.2200 0.5000 0.0000
v 5.2200 0.5000 0.0000
v 5.2200 0.5000 0.3000
v 4.2200 0.5000 0.3000
v 4.2200 0.5000 0.0000
v 4.2200 0.5000 0.3000
v 4.2200 1.0000 0.3000
v 4.2200 1.0000 0.0000
v 5.2200 0.5000 0.0000
v 5.2200 1.0000 0.0000
v 5.2200 1.0000 0.3000
v 5.2200 0.5000 0.3000
v 5.3000 0.5000 0.3000
v 6.0000 0.5000 0.3000
v 6.0000 1.0000 0.3000
v 5.3000 1.0000 0.3000
v 5.3000 0.5000 0.0000
v 5.3000 1.0000 0.0000
v 6.0000 1.0000 0.0000
v 6.0000 0.5000 0.0000
v 5.3000 1.0000 0.0000
v 5.3000 1.0000 0.3000
v 6.0000 1.0000 0.3000
v 6.0000 1.0000 0.0000
v 5.3000 0.5000 0.0000
v 6.0000 0.5000 0.0000
v 6.0000 0.5000 0.3000
v 5.3000 0.5000 0.3000
v 5.3000 0.5000 0.0000
v 5.3000 0.5000 0.3000
v 5.3000 1.0000 0.3000
v 5.3000 1.0000 0.0000
v 6.0000 0.5000 0.0000
v 6.0000 1.0000 0.0000
v 6.0000 1.0000 0.3000
v 6.0000 0.5000 0.3000
v -6.0000 1.0000 0.3000
v -5.0000 1.0000 0.3000
v -5.0000 1.5000 0.3000
v -6.0000 1.5000 0.3000
v -6.0000 1.0000 0.0000
v -6.0000 1.5000 0.0000
v -5.0000 1.5000 0.0000
v -5.0000 1.0000 0.0000
v -6.0000 1.5000 0.0000
v -6.0000 1.5000 0.3000
v -5.0000 1.5000 0.3000
v -5.0000 1.5000 0.0000
v -6.0000 1.0000 0.0000
v -5.0000 1.0000 0.0000
v -5.0000 1.0000 0.3000
v -6.0000 1.0000 0.3000
v -6.0000 1.0000 0.0000
v -6.0000 1.0000 0.3000
v -6.0000 1.5000 0.3000
v -6.0000 1.5000 0.0000
v -5.0000 1.0000 0.0000
v -5.0000 1.5000 0.0000
v -5.0000 1.5000 0.3000
v -5.0000 1.0000 0.3000
v -4.9200 1.0000 0.3000
v -3.9200 1.0000 0.3000
v -3.9200 1.5000 0.3000
v -4.9200 1.5000 0.3000
v -4.9200 1.0000 0.0000
v -4.9200 1.5000 0.0000
v -3.9200 1.5000 0.0000
v -3.9200 1.0000 0.0000
v -4.9200 1.5000 0.0000
v -4.9200 1.5000 0.3000
v -3.9200 1.5000 0.3000
v -3.9200 1.5000 0.0000
v -4.9200 1.0000 0.0000
v -3.9200 1.0000 0.0000
v -3.9200 1.0000 0.3000
v -4.9200 1.0000 0.3000
v -4.9200 1.0000 0.0000
v -4.9200 1.0000 0.3000
v -4.9200 1.5000 0.3000
v -4.9200 1.5000 0.0000
v -3.9200 1.0000 0.0000
v -3.9200 1.5000 0.0000
v -3.9200 1.5000 0.3000
v -3.9200 1.0000 0.3000
v -3.8400 1.0000 0.3000
v -2.8400 1.0000 0.3000
v -2.8400 1.5000 0.3000
v -3.8400 1.5000 0.3000
v -3.8400 1.0000 0.0000
v -3.8400 1.5000 0.0000
v -2.8400 1.5000 0.0000
v -2.8400 1.0000 0.0000
v -3.8400 1.5000 0.0000
v -3.8400 1.5000 0.3000
v -2.8400 1.5000 0.3000
v -2.8400 1.5000 0.0000
v -3.8400 1.0000 0.0000
v -2.8400 1.0000 0.0000
v -2.8400 1.0000 0.3000
v -3.8400 1.0000 0.3000
v -3.8400 1.0000 0.0000
v -3.8400 1.0000 0.3000
v -3.8400 1.5000 0.3000
v -3.8400 1.5000 0.0000
v -2.8400 1.0000 0.0000
v -2.8400 1.5000 0.0000
v -2.8400 1.5000 0.3000
v -2.8400 1.0000 0.3000
v -2.7600 1.0000 0.3000
v -1.7600 1.0000 0.3000
v -1.7600 1.5000 0.3000
v -2.7600 1.5000 0.3000
v -2.7600 1.0000 0.0000
v -2.7600 1.5000 0.0000
v -1.7600 1.5000 0.0000
v -1.7600 1.0000 0.0000
v -2.7600 1.5000 0.0000
v -2.7600 1.5000 0.3000
v -1.7600 1.5000 0.3000
v -1.7600 1.5000 0.0000
v -2.7600 1.0000 0.0000
v -1.7600 1.0000 0.0000
v -1.7600 1.0000 0.3000
v -2.7600 1.0000 0.3000
v -2.7600 1.0000 0.0000
v -2.7600 1.0000 0.3000
v -2.7600 1.5000 0.3000
v -2.7600 1.5000 0.0000
v -1.7600 1.0000 0.0000
v -1.7600 1.5000 0.0000
v -1.7600 1.5000 0.3000
v -1.7600 1.0000 0.3000
v -1.6800 1.0000 0.3000
v -0.6800 1.0000 0.3000
v -0.6800 1.5000 0.3000
v -1.6800 1.5000 0.3000
v -1.6800 1.0000 0.0000
v -1.6800 1.5000 0.0000
v -0.6800 1.5000 0.0000
v -0.6800 1.0000 0.0000
v -1.6800 1.5000 0.0000
v -1.6800 1.5000 0.3000
v -0.6800 1.5000 0.3000
v -0.6800 1.5000 0.0000
v -1.6800 1.0000 0.0000
v -0.6800 1.0000 0.0000
v -0.6800 1.0000 0.3000
v -1.6800 1.0000 0.3000
v -1.6800 1.0000 0.0000
v -1.6800 1.0000 0.3000
v -1.6800 1.5000 0.3000
v -1.6800 1.5000 0.0000
v -0.6800 1.0000 0.0000
v -0.6800 1.5000 0.0000
v -0.6800 1.5000 0.3000
v -0.6800 1.0000 0.3000
v -0.6000 1.0000 0.3000
v 0.4000 1.0000 0.3000
v 0.4000 1.5000 0.3000
v -0.6000 1.5000 0.3000
v -0.6000 1.0000 0.0000
v -0.6000 1.5000 0.0000
v 0.4000 1.5000 0.0000
v 0.4000 1.0000 0.0000
v -0.6000 1.5000 0.0000
v -0.6000 1.5000 0.3000
v 0.4000 1.5000 0.3000
v 0.4000 1.5000 0.0000
v -0.6000 1.0000 0.0000
v 0.4000 1.0000 0.0000
v 0.4000 1.0000 0.3000
v -0.6000 1.0000 0.3000
v -0.6000 1.0000 0.0000
v -0.6000 1.0000 0.3000
v -0.6000 1.5000 0.3000
v -0.6000 1.5000 0.0000
v 0.4000 1.0000 0.0000
v 0.4000 1.5000 0.0000
v 0.4000 1.5000 0.3000
v 0.4000 1.0000 0.3000
v 0.4800 1.0000 0.3000
v 1.4800 1.0000 0.3000
v 1.4800 1.5000 0.3000
v 0.4800 1.5000 0.3000
v 0.4800 1.0000 0.0000
v 0.4800 1.5000 0.0000
v 1.4800 1.5000 0.0000
v 1.4800 1.0000 0.0000
v 0.4800 1.5000 0.0000
v 0.4800 1.5000 0.3000
v 1.4800 1.5000 0.3000
v 1.4800 1.5000 0.0000
v 0.4800 1.0000 0.0000
v 1.4800 1.0000 0.0000
v 1.4800 1.0000 0.3000
v 0.4800 1.0000 0.3000
v 0.4800 1.0000 0.0000
v 0.4800 1.0000 0.3000
v 0.4800 1.5000 0.3000
v 0.4800 1.5000 0.0000
v 1.4800 1.0000 0.0000
v 1.4800 1.5000 0.0000
v 1.4800 1.5000 0.3000
v 1.4800 1.0000 0.3000
v 1.5600 1.0000 0.3000
v 2.5600 1.0000 0.3000
v 2.5600 1.5000 0.3000
v 1.5600 1.5000 0.3000
v 1.5600 1.0000 0.0000
v 1.5600 1.5000 0.0000
v 2.5600 1.5000 0.0000
v 2.5600 1.0000 0.0000
v 1.5600 1.5000 0.0000
v 1.5600 1.5000 0.3000
v 2.5600 1.5000 0.3000
v 2.5600 1.5000 0.0000
v 1.5600 1.0000 0.0000
v 2.5600 1.0000 0.0000
v 2.5600 1.0000 0.3000
v 1.5600 1.0000 0.3000
v 1.5600 1.0000 0.0000
v 1.5600 1.0000 0.3000
v 1.5600 1.5000 0.3000
v 1.5600 1.5000 0.0000
v 2.5600 1.0000 0.0000
v 2.5600 1.5000 0.0000
v 2.5600 1.5000 0.3000
v 2.5600 1.0000 0.3000
v 2.6400 1.0000 0.3000
v 3.6400 1.0000 0.3000
v 3.6400 1.5000 0.3000
v 2.6400 1.5000 0.3000
v 2.6400 1.0000 0.0000
v 2.6400 1.5000 0.0000
v 3.6400 1.5000 0.0000
v 3.6400 1.0000 0.0000
v 2.6400 1.5000 0.0000
v 2.6400 1.5000 0.3000
v 3.6400 1.5000 0.3000
v 3.6400 1.5000 0.0000
v 2.6400 1.0000 0.0000
v 3.6400 1.0000 0.0000
v 3.6400 1.0000 0.3000
v 2.6400 1.0000 0.3000
v 2.6400 1.0000 0.0000
v 2.6400 1.0000 0.3000
v 2.6400 1.5000 0.3000
v 2.6400 1.5000 0.0000
v 3.6400 1.0000 0.0000
v 3.6400 1.5000 0.0000
v 3.6400 1.5000 0.3000
v 3.6400 1.0000 0.3000
v 3.7200 1.0000 0.3000
v 4.7200 1.0000 0.3000
v 4.7200 1.5000 0.3000
v 3.7200 1.5000 0.3000
v 3.7200 1.0000 0.0000
v 3.7200 1.5000 0.0000
v 4.7200 1.5000 0.0000
v 4.7200 1.0000 0.0000
v 3.7200 1.5000 0.0000
v 3.7200 1.5000 0.3000
v 4.7200 1.5000 0.3000
v 4.7200 1.5000 0.0000
v 3.7200 1.0000 0.0000
v 4.7200 1.0000 0.0000
v 4.7200 1.0000 0.3000
v 3.7200 1.0000 0.3000
v 3.7200 1.0000 0.0000
v 3.7200 1.0000 0.3000
v 3.7200 1.5000 0.3000
v 3.7200 1.5000 0.0000
v 4.7200 1.0000 0.0000
v 4.7200 1.5000 0.0000
v 4.7200 1.5000 0.3000
v 4.7200 1.0000 0.3000
v 4.8000 1.0000 0.3000
v 5.8000 1.0000 0.3000
v 5.8000 1.5000 0.3000
v 4.8000 1.5000 0.3000
v 4.8000 1.0000 0.0000
v 4.8000 1.5000 0.0000
v 5.8000 1.5000 0.0000
v 5.8000 1.0000 0.0000
v 4.8000 1.5000 0.0000
v 4.8000 1.5000 0.3000
v 5.8000 1.5000 0.3000
v 5.8000 1.5000 0.0000
v 4.8000 1.0000 0.0000
v 5.8000 1.0000 0.0000
v 5.8000 1.0000 0.3000
v 4.8000 1.0000 0.3000
v 4.8000 1.0000 0.0000
v 4.8000 1.0000 0.3000
v 4.8000 1.5000 0.3000
v 4.8000 1.5000 0.0000
v 5.8000 1.0000 0.0000
v 5.8000 1.5000 0.0000
v 5.8000 1.5000 0.3000
v 5.8000 1.0000 0.3000
v 5.8800 1.0000 0.3000
v 6.0000 1.0000 0.3000
v 6.0000 1.5000 0.3000
v 5.8800 1.5000 0.3000
v 5.8800 1.0000 0.0000
v 5.8800 1.5000 0.0000
v 6.0000 1.5000 0.0000
v 6.0000 1.0000 0.0000
v 5.8800 1.5000 0.0000
v 5.8800 1.5000 0.3000
v 6.0000 1.5000 0.3000
v 6.0000 1.5000 0.0000
v 5.8800 1.0000 0.0000
v 6.0000 1.0000 0.0000
v 6.0000 1.0000 0.3000
v 5.8800 1.0000 0.3000
v 5.8800 1.0000 0.0000
v 5.8800 1.0000 0.3000
v 5.8800 1.5000 0.3000
v 5.8800 1.5000 0.0000
v 6.0000 1.0000 0.0000
v 6.0000 1.5000 0.0000
v 6.0000 1.5000 0.3000
v 6.0000 1.0000 0.3000
v -5.5000 1.5000 0.3000
v -4.5000 1.5000 0.3000
v -4.5000 2.0000 0.3000
v -5.5000 2.0000 0.3000
v -5.5000 1.5000 0.0000
v -5.5000 2.0000 0.0000
v -4.5000 2.0000 0.0000
v -4.5000 1.5000 0.0000
v -5.5000 2.0000 0.0000
v -5.5000 2.0000 0.3000
v -4.5000 2.0000 0.3000
v -4.5000 2.0000 0.0000
v -5.5000 1.5000 0.0000
v -4.5000 1.5000 0.0000
v -4.5000 1.5000 0.3000
v -5.5000 1.5000 0.3000
v -5.5000 1.5000 0.0000
v -5.5000 1.5000 0.3000
v -5.5000 2.0000 0.3000
v -5.5000 2.0000 0.0000
v -4.5000 1.5000 0.0000
v -4.5000 2.0000 0.0000
v -4.5000 2.0000 0.3000
v -4.5000 1.5000 0.3000
v -4.4200 1.5000 0.3000
v -3.4200 1.5000 0.3000
v -3.4200 2.0000 0.3000
v -4.4200 2.0000 0.3000
v -4.4200 1.5000 0.0000
v -4.4200 2.0000 0.0000
v -3.4200 2.0000 0.0000
v -3.4200 1.5000 0.0000
v -4.4200 2.0000 0.0000
v -4.4200 2.0000 0.3000
v -3.4200 2.0000 0.3000
v -3.4200 2.0000 0.0000
v -4.4200 1.5000 0.0000
v -3.4200 1.5000 0.0000
v -3.4200 1.5000 0.3000
v -4.4200 1.5000 0.3000
v -4.4200 1.5000 0.0000
v -4.4200 1.5000 0.3000
v -4.4200 2.0000 0.3000
v -4.4200 2.0000 0.0000
v -3.4200 1.5000 0.0000
v -3.4200 2.0000 0.0000
v -3.4200 2.0000 0.3000
v -3.4200 1.5000 0.3000
v -3.3400 1.5000 0.3000
v -2.3400 1.5000 0.3000
v -2.3400 2.0000 0.3000
v -3.3400 2.0000 0.3000
v -3.3400 1.5000 0.0000
v -3.3400 2.0000 0.0000
v -2.3400 2.0000 0.0000
v -2.3400 1.5000 0.0000
v -3.3400 2.0000 0.0000
v -3.3400 2.0000 0.3000
v -2.3400 2.0000 0.3000
v -2.3400 2.0000 0.0000
v -3.3400 1.5000 0.0000
v -2.3400 1.5000 0.0000
v -2.3400 1.5000 0.3000
v -3.3400 1.5000 0.3000
v -3.3400 1.5000 0.0000
v -3.3400 1.5000 0.3000
v -3.3400 2.0000 0.3000
v -3.3400 2.0000 0.0000
v -2.3400 1.5000 0.0000
v -2.3400 2.0000 0.0000
v -2.3400 2.0000 0.3000
v -2.3400 1.5000 0.3000
v -2.2600 1.5000 0.3000
v -1.2600 1.5000 0.3000
v -1.2600 2.0000 0.3000
v -2.2600 2.0000 0.3000
v -2.2600 1.5000 0.0000
v -2.2600 2.0000 0.0000
v -1.2600 2.0000 0.0000
v -1.2600 1.5000 0.0000
v -2.2600 2.0000 0.0000
v -2.2600 2.0000 0.3000
v -1.2600 2.0000 0.3000
v -1.2600 2.0000 0.0000
v -2.2600 1.5000 0.0000
v -1.2600 1.5000 0.0000
v -1.2600 1.5000 0.3000
v -2.2600 1.5000 0.3000
v -2.2600 1.5000 0.0000
v -2.2600 1.5000 0.3000
v -2.2600 2.0000 0.3000
v -2.2600 2.0000 0.0000
v -1.2600 1.5000 0.0000
v -1.2600 2.0000 0.0000
v -1.2600 2.0000 0.3000
v -1.2600 1.5000 0.3000
v -1.1800 1.5000 0.3000
v -0.1800 1.5000 0.3000
v -0.1800 2.0000 0.3000
v -1.1800 2.0000 0.3000
v -1.1800 1.5000 0.0000
v -1.1800 2.0000 0.0000
v -0.1800 2.0000 0.0000
v -0.1800 1.5000 0.0000
v -1.1800 2.0000 0.0000
v -1.1800 2.0000 0.3000
v -0.1800 2.0000 0.3000
v -0.1800 2.0000 0.0000
v -1.1800 1.5000 0.0000
v -0.1800 1.5000 0.0000
v -0.1800 1.5000 0.3000
v -1.1800 1.5000 0.3000
v -1.1800 1.5000 0.0000
v -1.1800 1.5000 0.3000
v -1.1800 2.0000 0.3000
v -1.1800 2.0000 0.0000
v -0.1800 1.5000 0.0000
v -0.1800 2.0000 0.0000
v -0.1800 2.0000 0.3000
v -0.1800 1.5000 0.3000
v -0.1000 1.5000 0.3000
v 0.9000 1.5000 0.3000
v 0.9000 2.0000 0.3000
v -0.1000 2.0000 0.3000
v -0.1000 1.5000 0.0000
v -0.1000 2.0000 0.0000
v 0.9000 2.0000 0.0000
v 0.9000 1.5000 0.0000
v -0.1000 2.0000 0.0000
v -0.1000 2.0000 0.3000
v 0.9000 2.0000 0.3000
v 0.9000 2.0000 0.0000
v -0.1000 1.5000 0.0000
v 0.9000 1.5000 0.0000
v 0.9000 1.5000 0.3000
v -0.1000 1.5000 0.3000
v -0.1000 1.5000 0.0000
v -0.1000 1.5000 0.3000
v -0.1000 2.0000 0.3000
v -0.1000 2.0000 0.0000
v 0.9000 1.5000 0.0000
v 0.9000 2.0000 0.0000
v 0.9000 2.0000 0.3000
v 0.9000 1.5000 0.3000
v 0.9800 1.5000 0.3000
v 1.9800 1.5000 0.3000
v 1.9800 2.0000 0.3000
v 0.9800 2.0000 0.3000
v 0.9800 1.5000 0.0000
v 0.9800 2.0000 0.0000
v 1.9800 2.0000 0.0000
v 1.9800 1.5000 0.0000
v 0.9800 2.0000 0.0000
v 0.9800 2.0000 0.3000
v 1.9800 2.0000 0.3000
v 1.9800 2.0000 0.0000
v 0.9800 1.5000 0.0000
v 1.9800 1.5000 0.0000
v 1.9800 1.5000 0.3000
v 0.9800 1.5000 0.3000
v 0.9800 1.5000 0.0000
v 0.9800 1.5000 0.3000
v 0.9800 2.0000 0.3000
v 0.9800 2.0000 0.0000
v 1.9800 1.5000 0.0000
v 1.9800 2.0000 0.0000
v 1.9800 2.0000 0.3000
v 1.9800 1.5000 0.3000
v 2.0600 1.5000 0.3000
v 3.0600 1.5000 0.3000
v 3.0600 2.0000 0.3000
v 2.0600 2.0000 0.3000
v 2.0600 1.5000 0.0000
v 2.0600 2.0000 0.0000
v 3.0600 2.0000 0.0000
v 3.0600 1.5000 0.0000
v 2.0600 2.0000 0.0000
v 2.0600 2.0000 0.3000
v 3.0600 2.0000 0.3000
v 3.0600 2.0000 0.0000
v 2.0600 1.5000 0.0000
v 3.0600 1.5000 0.0000
v 3.0600 1.5000 0.3000
v 2.0600 1.5000 0.3000
v 2.0600 1.5000 0.0000
v 2.0600 1.5000 0.3000
v 2.0600 2.0000 0.3000
v 2.0600 2.0000 0.0000
v 3.0600 1.5000 0.0000
v 3.0600 2.0000 0.0000
v 3.0600 2.0000 0.3000
v 3.0600 1.5000 0.3000
v 3.1400 1.5000 0.3000
v 4.1400 1.5000 0.3000
v 4.1400 2.0000 0.3000
v 3.1400 2.0000 0.3000
v 3.1400 1.5000 0.0000
v 3.1400 2.0000 0.0000
v 4.1400 2.0000 0.0000
v 4.1400 1.5000 0.0000
v 3.1400 2.0000 0.0000
v 3.1400 2.0000 0.3000
v 4.1400 2.0000 0.3000
v 4.1400 2.0000 0.0000
v 3.1400 1.5000 0.0000
v 4.1400 1.5000 0.0000
v 4.1400 1.5000 0.3000
v 3.1400 1.5000 0.3000
v 3.1400 1.5000 0.0000
v 3.1400 1.5000 0.3000
v 3.1400 2.0000 0.3000
v 3.1400 2.0000 0.0000
v 4.1400 1.5000 0.0000
v 4.1400 2.0000 0.0000
v 4.1400 2.0000 0.3000
v 4.1400 1.5000 0.3000
v 4.2200 1.5000 0.3000
v 5.2200 1.5000 0.3000
v 5.2200 2.0000 0.3000
v 4.2200 2.0000 0.3000
v 4.2200 1.5000 0.0000
v 4.2200 2.0000 0.0000
v 5.2200 2.0000 0.0000
v 5.2200 1.5000 0.0000
v 4.2200 2.0000 0.0000
v 4.2200 2.0000 0.3000
v 5.2200 2.0000 0.3000
v 5.2200 2.0000 0.0000
v 4.2200 1.5000 0.0000
v 5.2200 1.5000 0.0000
v 5.2200 1.5000 0.3000
v 4.2200 1.5000 0.3000
v 4.2200 1.5000 0.0000
v 4.2200 1.5000 0.3000
v 4.2200 2.0000 0.3000
v 4.2200 2.0000 0.0000
v 5.2200 1.5000 0.0000
v 5.2200 2.0000 0.0000
v 5.2200 2.0000 0.3000
v 5.2200 1.5000 0.3000
v 5.3000 1.5000 0.3000
v 6.0000 1.5000 0.3000
v 6.0000 2.0000 0.3000
v 5.3000 2.0000 0.3000
v 5.3000 1.5000 0.0000
v 5.3000 2.0000 0.0000
v 6.0000 2.0000 0.0000
v 6.0000 1.5000 0.0000
v 5.3000 2.0000 0.0000
v 5.3000 2.0000 0.3000
v 6.0000 2.0000 0.3000
v 6.0000 2.0000 0.0000
v 5.3000 1.5000 0.0000
v 6.0000 1.5000 0.0000
v 6.0000 1.5000 0.3000
v 5.3000 1.5000 0.3000
v 5.3000 1.5000 0.0000
v 5.3000 1.5000 0.3000
v 5.3000 2.0000 0.3000
v 5.3000 2.0000 0.0000
v 6.0000 1.5000 0.0000
v 6.0000 2.0000 0.0000
v 6.0000 2.0000 0.3000
v 6.0000 1.5000 0.3000

f 1 2 3 4 color 0.755 0.271 0.188
f 5 6 7 8 color 0.642 0.231 0.160
f 9 10 11 12 color 0.718 0.258 0.179
f 13 14 15 16 color 0.680 0.244 0.169
f 17 18 19 20 color 0.665 0.239 0.165
f 21 22 23 24 color 0.695 0.250 0.173
f 25 26 27 28 color 0.739 0.232 0.151
f 29 30 31 32 color 0.629 0.197 0.128
f 33 34 35 36 color 0.702 0.220 0.143
f 37 38 39 40 color 0.665 0.209 0.136
f 41 42 43 44 color 0.651 0.204 0.133
f 45 46 47 48 color 0.680 0.213 0.139
f 49 50 51 52 color 0.805 0.303 0.188
f 53 54 55 56 color 0.684 0.258 0.160
f 57 58 59 60 color 0.764 0.288 0.179
f 61 62 63 64 color 0.724 0.273 0.169
f 65 66 67 68 color 0.708 0.267 0.165
f 69 70 71 72 color 0.740 0.279 0.173
f 73 74 75 76 color 0.756 0.267 0.173
f 77 78 79 80 color 0.642 0.227 0.147
f 81 82 83 84 color 0.718 0.254 0.164
f 85 86 87 88 color 0.680 0.240 0.156
f 89 90 91 92 color 0.665 0.235 0.152
f 93 94 95 96 color 0.695 0.246 0.159
f 97 98 99 100 color 0.754 0.264 0.185
f 101 102 103 104 color 0.641 0.224 0.157
f 105 106 107 108 color 0.717 0.250 0.176
f 109 110 111 112 color 0.679 0.237 0.166
f 113 114 115 116 color 0.664 0.232 0.163
f 117 118 119 120 color 0.694 0.242 0.170
f 121 122 123 124 color 0.771 0.265 0.194
f 125 126 127 128 color 0.655 0.225 0.165
f 129 130 131 132 color 0.732 0.252 0.184
f 133 134 135 136 color 0.694 0.239 0.174
f 137 138 139 140 color 0.678 0.233 0.171
f 141 142 143 144 color 0.709 0.244 0.178
f 145 146 147 148 color 0.615 0.185 0.096
f 149 150 151 152 color 0.522 0.158 0.081
f 153 154 155 156 color 0.584 0.176 0.091
f 157 158 159 160 color 0.553 0.167 0.086
f 161 162 163 164 color 0.541 0.163 0.084
f 165 166 167 168 color 0.565 0.171 0.088
f 169 170 171 172 color 0.679 0.205 0.109
f 173 174 175 176 color 0.577 0.174 0.093
f 177 178 179 180 color 0.645 0.195 0.104
f 181 182 183 184 color 0.611 0.184 0.099
f 185 186 187 188 color 0.597 0.180 0.096
f 189 190 191 192 color 0.625 0.189 0.101
f 193 194 195 196 color 0.688 0.195 0.128
f 197 198 199 200 color 0.585 0.166 0.109
f 201 202 203 204 color 0.654 0.185 0.122
f 205 206 207 208 color 0.619 0.175 0.115
f 209 210 211 212 color 0.606 0.172 0.113
f 213 214 215 216 color 0.633 0.179 0.118
f 217 218 219 220 color 0.714 0.232 0.139
f 221 222 223 224 color 0.607 0.197 0.118
f 225 226 227 228 color 0.678 0.221 0.132
f 229 230 231 232 color 0.642 0.209 0.125
f 233 234 235 236 color 0.628 0.204 0.122
f 237 238 239 240 color 0.656 0.214 0.128
f 241 242 243 244 color 0.741 0.263 0.154
f 245 246 247 248 color 0.630 0.223 0.131
f 249 250 251 252 color 0.704 0.249 0.146
f 253 254 255 256 color 0.667 0.236 0.138
f 257 258 259 260 color 0.652 0.231 0.135
f 261 262 263 264 color 0.682 0.242 0.141
f 265 266 267 268 color 0.788 0.295 0.192
f 269 270 271 272 color 0.670 0.250 0.163
f 273 274 275 276 color 0.749 0.280 0.183
f 277 278 279 280 color 0.709 0.265 0.173
f 281 282 283 284 color 0.694 0.259 0.169
f 285 286 287 288 color 0.725 0.271 0.177
f 289 290 291 292 color 0.667 0.181 0.119
f 293 294 295 296 color 0.567 0.154 0.101
f 297 298 299 300 color 0.634 0.172 0.113
f 301 302 303 304 color 0.601 0.163 0.107
f 305 306 307 308 color 0.587 0.159 0.105
f 309 310 311 312 color 0.614 0.167 0.109
f 313 314 315 316 color 0.786 0.288 0.186
f 317 318 319 320 color 0.668 0.245 0.158
f 321 322 323 324 color 0.747 0.274 0.177
f 325 326 327 328 color 0.708 0.259 0.167
f 329 330 331 332 color 0.692 0.254 0.164
f 333 334 335 336 color 0.723 0.265 0.171
f 337 338 339 340 color 0.673 0.166 0.133
f 341 342 343 344 color 0.572 0.141 0.113
f 345 346 347 348 color 0.640 0.158 0.127
f 349 350 351 352 color 0.606 0.149 0.120
f 353 354 355 356 color 0.593 0.146 0.117
f 357 358 359 360 color 0.619 0.153 0.123
f 361 362 363 364 color 0.758 0.235 0.141
f 365 366 367 368 color 0.644 0.200 0.120
f 369 370 371 372 color 0.720 0.223 0.134
f 373 374 375 376 color 0.682 0.212 0.127
f 377 378 379 380 color 0.667 0.207 0.124
f 381 382 383 384 color 0.697 0.216 0.130
f 385 386 387 388 color 0.680 0.190 0.097
f 389 390 391 392 color 0.578 0.162 0.082
f 393 394 395 396 color 0.646 0.181 0.092
f 397 398 399 400 color 0.612 0.171 0.087
f 401 402 403 404 color 0.598 0.167 0.085
f 405 406 407 408 color 0.625 0.175 0.089
f 409 410 411 412 color 0.742 0.219 0.174
f 413 414 415 416 color 0.630 0.186 0.148
f 417 418 419 420 color 0.705 0.208 0.166
f 421 422 423 424 color 0.667 0.197 0.157
f 425 426 427 428 color 0.653 0.193 0.153
f 429 430 431 432 color 0.682 0.202 0.160
f 433 434 435 436 color 0.607 0.177 0.105
f 437 438 439 440 color 0.516 0.150 0.090
f 441 442 443 444 color 0.576 0.168 0.100
f 445 446 447 448 color 0.546 0.159 0.095
f 449 450 451 452 color 0.534 0.155 0.093
f 453 454 455 456 color 0.558 0.163 0.097
f 457 458 459 460 color 0.677 0.170 0.131
f 461 462 463 464 color 0.576 0.144 0.111
f 465 466 467 468 color 0.643 0.161 0.125
f 469 470 471 472 color 0.609 0.153 0.118
f 473 474 475 476 color 0.596 0.149 0.115
f 477 478 479 480 color 0.623 0.156 0.121
f 481 482 483 484 color 0.638 0.203 0.100
f 485 486 487 488 color 0.542 0.173 0.085
f 489 490 491 492 color 0.606 0.193 0.095
f 493 494 495 496 color 0.574 0.183 0.090
f 497 498 499 500 color 0.561 0.179 0.088
f 501 502 503 504 color 0.587 0.187 0.092
f 505 506 507 508 color 0.637 0.198 0.096
f 509 510 511 512 color 0.541 0.168 0.082
f 513 514 515 516 color 0.605 0.188 0.091
f 517 518 519 520 color 0.573 0.178 0.087
f 521 522 523 524 color 0.560 0.174 0.085
f 525 526 527 528 color 0.586 0.182 0.088
f 529 530 531 532 color 0.759 0.270 0.189
f 533 534 535 536 color 0.645 0.230 0.161
f 537 538 539 540 color 0.721 0.257 0.179
f 541 542 543 544 color 0.683 0.243 0.170
f 545 546 547 548 color 0.668 0.238 0.166
f 549 550 551 552 color 0.698 0.249 0.174
f 553 554 555 556 color 0.644 0.203 0.101
f 557 558 559 560 color 0.547 0.173 0.086
f 561 562 563 564 color 0.612 0.193 0.096
f 565 566 567 568 color 0.580 0.183 0.091
f 569 570 571 572 color 0.567 0.179 0.089
f 573 574 575 576 color 0.593 0.187 0.093
f 577 578 579 580 color 0.759 0.235 0.135
f 581 582 583 584 color 0.646 0.200 0.115
f 585 586 587 588 color 0.721 0.223 0.129
f 589 590 591 592 color 0.684 0.212 0.122
f 593 594 595 596 color 0.668 0.207 0.119
f 597 598 599 600 color 0.699 0.216 0.124
f 601 602 603 604 color 0.652 0.213 0.089
f 605 606 607 608 color 0.554 0.181 0.075
f 609 610 611 612 color 0.619 0.203 0.084
f 613 614 615 616 color 0.587 0.192 0.080
f 617 618 619 620 color 0.574 0.188 0.078
f 621 622 623 624 color 0.600 0.196 0.082
f 625 626 627 628 color 0.661 0.195 0.109
f 629 630 631 632 color 0.562 0.166 0.093
f 633 634 635 636 color 0.628 0.185 0.104
f 637 638 639 640 color 0.595 0.175 0.098
f 641 642 643 644 color 0.582 0.172 0.096
f 645 646 647 648 color 0.608 0.179 0.101
f 649 650 651 652 color 0.788 0.274 0.188
f 653 654 655 656 color 0.670 0.233 0.160
f 657 658 659 660 color 0.749 0.261 0.179
f 661 662 663 664 color 0.709 0.247 0.169
f 665 666 667 668 color 0.693 0.241 0.166
f 669 670 671 672 color 0.725 0.252 0.173
f 673 674 675 676 color 0.648 0.214 0.108
f 677 678 679 680 color 0.550 0.182 0.092
f 681 682 683 684 color 0.615 0.203 0.103
f 685 686 687 688 color 0.583 0.192 0.097
f 689 690 691 692 color 0.570 0.188 0.095
f 693 694 695 696 color 0.596 0.196 0.099
f 697 698 699 700 color 0.676 0.186 0.110
f 701 702 703 704 color 0.575 0.158 0.094
f 705 706 707 708 color 0.642 0.177 0.105
f 709 710 711 712 color 0.609 0.167 0.099
f 713 714 715 716 color 0.595 0.164 0.097
f 717 718 719 720 color 0.622 0.171 0.101
f 721 722 723 724 color 0.670 0.175 0.119
f 725 726 727 728 color 0.570 0.149 0.101
f 729 730 731 732 color 0.637 0.166 0.113
f 733 734 735 736 color 0.603 0.157 0.107
f 737 738 739 740 color 0.590 0.154 0.105
f 741 742 743 744 color 0.617 0.161 0.110
f 745 746 747 748 color 0.764 0.285 0.192
f 749 750 751 752 color 0.649 0.242 0.163
f 753 754 755 756 color 0.726 0.270 0.183
f 757 758 759 760 color 0.688 0.256 0.173
f 761 762 763 764 color 0.672 0.250 0.169
f 765 766 767 768 color 0.703 0.262 0.177
f 769 770 771 772 color 0.673 0.190 0.099
f 773 774 775 776 color 0.572 0.161 0.084
f 777 778 779 780 color 0.639 0.180 0.094
f 781 782 783 784 color 0.605 0.171 0.089
f 785 786 787 788 color 0.592 0.167 0.087
f 789 790 791 792 color 0.619 0.174 0.091
f 793 794 795 796 color 0.738 0.236 0.130
f 797 798 799 800 color 0.627 0.201 0.110
f 801 802 803 804 color 0.701 0.224 0.123
f 805 806 807 808 color 0.664 0.212 0.117
f 809 810 811 812 color 0.649 0.208 0.114
f 813 814 815 816 color 0.679 0.217 0.119
f 817 818 819 820 color 0.732 0.230 0.163
f 821 822 823 824 color 0.622 0.196 0.139
f 825 826 827 828 color 0.696 0.219 0.155
f 829 830 831 832 color 0.659 0.207 0.147
f 833 834 835 836 color 0.644 0.203 0.144
f 837 838 839 840 color 0.674 0.212 0.150
f 841 842 843 844 color 0.706 0.224 0.147
f 845 846 847 848 color 0.600 0.190 0.125
f 849 850 851 852 color 0.670 0.213 0.139
f 853 854 855 856 color 0.635 0.201 0.132
f 857 858 859 860 color 0.621 0.197 0.129
f 861 862 863 864 color 0.649 0.206 0.135
f 865 866 867 868 color 0.772 0.277 0.177
f 869 870 871 872 color 0.656 0.236 0.150
f 873 874 875 876 color 0.733 0.264 0.168
f 877 878 879 880 color 0.695 0.250 0.159
f 881 882 883 884 color 0.679 0.244 0.155
f 885 886 887 888 color 0.710 0.255 0.162
f 889 890 891 892 color 0.646 0.214 0.113
f 893 894 895 896 color 0.549 0.182 0.096
f 897 898 899 900 color 0.614 0.204 0.107
f 901 902 903 904 color 0.581 0.193 0.101
f 905 906 907 908 color 0.568 0.189 0.099
f 909 910 911 912 color 0.594 0.197 0.104
f 913 914 915 916 color 0.609 0.186 0.101
f 917 918 919 920 color 0.517 0.158 0.086
f 921 922 923 924 color 0.578 0.177 0.096
f 925 926 927 928 color 0.548 0.167 0.091
f 929 930 931 932 color 0.536 0.164 0.089
f 933 934 935 936 color 0.560 0.171 0.093
f 937 938 939 940 color 0.775 0.264 0.169
f 941 942 943 944 color 0.659 0.225 0.144
f 945 946 947 948 color 0.736 0.251 0.161
f 949 950 951 952 color 0.697 0.238 0.152
f 953 954 955 956 color 0.682 0.233 0.149
f 957 958 959 960 color 0.713 0.243 0.156
f 961 962 963 964 color 0.720 0.220 0.147
f 965 966 967 968 color 0.612 0.187 0.125
f 969 970 971 972 color 0.684 0.209 0.140
f 973 974 975 976 color 0.648 0.198 0.133
f 977 978 979 980 color 0.633 0.194 0.130
f 981 982 983 984 color 0.662 0.203 0.136
f 985 986 987 988 color 0.691 0.192 0.134
f 989 990 991 992 color 0.587 0.163 0.114
f 993 994 995 996 color 0.656 0.182 0.127
f 997 998 999 1000 color 0.622 0.173 0.120
f 1001 1002 1003 1004 color 0.608 0.169 0.118
f 1005 1006 1007 1008 color 0.635 0.177 0.123
f 1009 1010 1011 1012 color 0.806 0.304 0.203
f 1013 1014 1015 1016 color 0.685 0.258 0.172
f 1017 1018 1019 1020 color 0.766 0.288 0.192
f 1021 1022 1023 1024 color 0.725 0.273 0.182
f 1025 1026 1027 1028 color 0.709 0.267 0.178
f 1029 1030 1031 1032 color 0.742 0.279 0.186
f 1033 1034 1035 1036 color 0.740 0.234 0.146
f 1037 1038 1039 1040 color 0.629 0.199 0.124
f 1041 1042 1043 1044 color 0.703 0.222 0.139
f 1045 1046 1047 1048 color 0.666 0.211 0.131
f 1049 1050 1051 1052 color 0.651 0.206 0.129
f 1053 1054 1055 1056 color 0.681 0.215 0.134
f 1057 1058 1059 1060 color 0.757 0.283 0.202
f 1061 1062 1063 1064 color 0.643 0.241 0.172
f 1065 1066 1067 1068 color 0.719 0.269 0.192
f 1069 1070 1071 1072 color 0.681 0.255 0.182
f 1073 1074 1075 1076 color 0.666 0.249 0.178
f 1077 1078 1079 1080 color 0.696 0.261 0.186
f 1081 1082 1083 1084 color 0.686 0.161 0.077
f 1085 1086 1087 1088 color 0.583 0.137 0.065
f 1089 1090 1091 1092 color 0.652 0.153 0.073
f 1093 1094 1095 1096 color 0.617 0.145 0.069
f 1097 1098 1099 1100 color 0.604 0.142 0.068
f 1101 1102 1103 1104 color 0.631 0.148 0.071
