# wall.txt - brick wall
v -6.0000 0.0000 0.3000
v -5.0000 0.0000 0.3000
v -5.0000 0.5000 0.3000
v -6.0000 0.5000 0.3000
v -6.0000 0.0000 0.0000
v -6.0000 0.5000 0.0000
v -5.0000 0.5000 0.0000
v -5.0000 0.0000 0.0000
v -6.0000 0.5000 0.0000
v -6.0000 0.5000 0.3000
v -5.0000 0.5000 0.3000
v -5.0000 0.5000 0.0000
v -6.0000 0.0000 0.0000
v -5.0000 0.0000 0.0000
v -5.0000 0.0000 0.3000
v -6.0000 0.0000 0.3000
v -6.0000 0.0000 0.0000
v -6.0000 0.0000 0.3000
v -6.0000 0.5000 0.3000
v -6.0000 0.5000 0.0000
v -5.0000 0.0000 0.0000
v -5.0000 0.5000 0.0000
v -5.0000 0.5000 0.3000
v -5.0000 0.0000 0.3000
v -4.9200 0.0000 0.3000
v -3.9200 0.0000 0.3000
v -3.9200 0.5000 0.3000
v -4.9200 0.5000 0.3000
v -4.9200 0.0000 0.0000
v -4.9200 0.5000 0.0000
v -3.9200 0.5000 0.0000
v -3.9200 0.0000 0.0000
v -4.9200 0.5000 0.0000
v -4.9200 0.5000 0.3000
v -3.9200 0.5000 0.3000
v -3.9200 0.5000 0.0000
v -4.9200 0.0000 0.0000
v -3.9200 0.0000 0.0000
v -3.9200 0.0000 0.3000
v -4.9200 0.0000 0.3000
v -4.9200 0.0000 0.0000
v -4.9200 0.0000 0.3000
v -4.9200 0.5000 0.3000
v -4.9200 0.5000 0.0000
v -3.9200 0.0000 0.0000
v -3.9200 0.5000 0.0000
v -3.9200 0.5000 0.3000
v -3.9200 0.0000 0.3000
v -3.8400 0.0000 0.3000
v -2.8400 0.0000 0.3000
v -2.8400 0.5000 0.3000
v -3.8400 0.5000 0.3000
v -3.8400 0.0000 0.0000
v -3.8400 0.5000 0.0000
v -2.8400 0.5000 0.0000
v -2.8400 0.0000 0.0000
v -3.8400 0.5000 0.0000
v -3.8400 0.5000 0.3000
v -2.8400 0.5000 0.3000
v -2.8400 0.5000 0.0000
v -3.8400 0.0000 0.0000
v -2.8400 0.0000 0.0000
v -2.8400 0.0000 0.3000
v -3.8400 0.0000 0.3000
v -3.8400 0.0000 0.0000
v -3.8400 0.0000 0.3000
v -3.8400 0.5000 0.3000
v -3.8400 0.5000 0.0000
v -2.8400 0.0000 0.0000
v -2.8400 0.5000 0.0000
v -2.8400 0.5000 0.3000
v -2.8400 0.0000 0.3000
v -2.7600 0.0000 0.3000
v -1.7600 0.0000 0.3000
v -1.7600 0.5000 0.3000
v -2.7600 0.5000 0.3000
v -2.7600 0.0000 0.0000
v -2.7600 0.5000 0.0000
v -1.7600 0.5000 0.0000
v -1.7600 0.0000 0.0000
v -2.7600 0.5000 0.0000
v -2.7600 0.5000 0.3000
v -1.7600 0.5000 0.3000
v -1.7600 0.5000 0.0000
v -2.7600 0.0000 0.0000
v -1.7600 0.0000 0.0000
v -1.7600 0.0000 0.3000
v -2.7600 0.0000 0.3000
v -2.7600 0.0000 0.0000
v -2.7600 0.0000 0.3000
v -2.7600 0.5000 0.3000
v -2.7600 0.5000 0.0000
v -1.7600 0.0000 0.0000
v -1.7600 0.5000 0.0000
v -1.7600 0.5000 0.3000
v -1.7600 0.0000 0.3000
v -1.6800 0.0000 0.3000
v -0.6800 0.0000 0.3000
v -0.6800 0.5000 0.3000
v -1.6800 0.5000 0.3000
v -1.6800 0.0000 0.0000
v -1.6800 0.5000 0.0000
v -0.6800 0.5000 0.0000
v -0.6800 0.0000 0.0000
v -1.6800 0.5000 0.0000
v -1.6800 0.5000 0.3000
v -0.6800 0.5000 0.3000
v -0.6800 0.5000 0.0000
v -1.6800 0.0000 0.0000
v -0.6800 0.0000 0.0000
v -0.6800 0.0000 0.3000
v -1.6800 0.0000 0.3000
v -1.6800 0.0000 0.0000
v -1.6800 0.0000 0.3000
v -1.6800 0.5000 0.3000
v -1.6800 0.5000 0.0000
v -0.6800 0.0000 0.0000
v -0.6800 0.5000 0.0000
v -0.6800 0.5000 0.3000
v -0.6800 0.0000 0.3000
v -0.6000 0.0000 0.3000
v 0.4000 0.0000 0.3000
v 0.4000 0.5000 0.3000
v -0.6000 0.5000 0.3000
v -0.6000 0.0000 0.0000
v -0.6000 0.5000 0.0000
v 0.4000 0.5000 0.0000
v 0.4000 0.0000 0.0000
v -0.6000 0.5000 0.0000
v -0.6000 0.5000 0.3000
v 0.4000 0.5000 0.3000
v 0.4000 0.5000 0.0000
v -0.6000 0.0000 0.0000
v 0.4000 0.0000 0.0000
v 0.4000 0.0000 0.3000
v -0.6000 0.0000 0.3000
v -0.6000 0.0000 0.0000
v -0.6000 0.0000 0.3000
v -0.6000 0.5000 0.3000
v -0.6000 0.5000 0.0000
v 0.4000 0.0000 0.0000
v 0.4000 0.5000 0.0000
v 0.4000 0.5000 0.3000
v 0.4000 0.0000 0.3000
v 0.4800 0.0000 0.3000
v 1.4800 0.0000 0.3000
v 1.4800 0.5000 0.3000
v 0.4800 0.5000 0.3000
v 0.4800 0.0000 0.0000
v 0.4800 0.5000 0.0000
v 1.4800 0.5000 0.0000
v 1.4800 0.0000 0.0000
v 0.4800 0.5000 0.0000
v 0.4800 0.5000 0.3000
v 1.4800 0.5000 0.3000
v 1.4800 0.5000 0.0000
v 0.4800 0.0000 0.0000
v 1.4800 0.0000 0.0000
v 1.4800 0.0000 0.3000
v 0.4800 0.0000 0.3000
v 0.4800 0.0000 0.0000
v 0.4800 0.0000 0.3000
v 0.4800 0.5000 0.3000
v 0.4800 0.5000 0.0000
v 1.4800 0.0000 0.0000
v 1.4800 0.5000 0.0000
v 1.4800 0.5000 0.3000
v 1.4800 0.0000 0.3000
v 1.5600 0.0000 0.3000
v 2.5600 0.0000 0.3000
v 2.5600 0.5000 0.3000
v 1.5600 0.5000 0.3000
v 1.5600 0.0000 0.0000
v 1.5600 0.5000 0.0000
v 2.5600 0.5000 0.0000
v 2.5600 0.0000 0.0000
v 1.5600 0.5000 0.0000
v 1.5600 0.5000 0.3000
v 2.5600 0.5000 0.3000
v 2.5600 0.5000 0.0000
v 1.5600 0.0000 0.0000
v 2.5600 0.0000 0.0000
v 2.5600 0.0000 0.3000
v 1.5600 0.0000 0.3000
v 1.5600 0.0000 0.0000
v 1.5600 0.0000 0.3000
v 1.5600 0.5000 0.3000
v 1.5600 0.5000 0.0000
v 2.5600 0.0000 0.0000
v 2.5600 0.5000 0.0000
v 2.5600 0.5000 0.3000
v 2.5600 0.0000 0.3000
v 2.6400 0.0000 0.3000
v 3.6400 0.0000 0.3000
v 3.6400 0.5000 0.3000
v 2.6400 0.5000 0.3000
v 2.6400 0.0000 0.0000
v 2.6400 0.5000 0.0000
v 3.6400 0.5000 0.0000
v 3.6400 0.0000 0.0000
v 2.6400 0.5000 0.0000
v 2.6400 0.5000 0.3000
v 3.6400 0.5000 0.3000
v 3.6400 0.5000 0.0000
v 2.6400 0.0000 0.0000
v 3.6400 0.0000 0.0000
v 3.6400 0.0000 0.3000
v 2.6400 0.0000 0.3000
v 2.6400 0.0000 0.0000
v 2.6400 0.0000 0.3000
v 2.6400 0.5000 0.3000
v 2.6400 0.5000 0.0000
v 3.6400 0.0000 0.0000
v 3.6400 0.5000 0.0000
v 3.6400 0.5000 0.3000
v 3.6400 0.0000 0.3000
v 3.7200 0.0000 0.3000
v 4.7200 0.0000 0.3000
v 4.7200 0.5000 0.3000
v 3.7200 0.5000 0.3000
v 3.7200 0.0000 0.0000
v 3.7200 0.5000 0.0000
v 4.7200 0.5000 0.0000
v 4.7200 0.0000 0.0000
v 3.7200 0.5000 0.0000
v 3.7200 0.5000 0.3000
v 4.7200 0.5000 0.3000
v 4.7200 0.5000 0.0000
v 3.7200 0.0000 0.0000
v 4.7200 0.0000 0.0000
v 4.7200 0.0000 0.3000
v 3.7200 0.0000 0.3000
v 3.7200 0.0000 0.0000
v 3.7200 0.0000 0.3000
v 3.7200 0.5000 0.3000
v 3.7200 0.5000 0.0000
v 4.7200 0.0000 0.0000
v 4.7200 0.5000 0.0000
v 4.7200 0.5000 0.3000
v 4.7200 0.0000 0.3000
v 4.8000 0.0000 0.3000
v 5.8000 0.0000 0.3000
v 5.8000 0.5000 0.3000
v 4.8000 0.5000 0.3000
v 4.8000 0.0000 0.0000
v 4.8000 0.5000 0.0000
v 5.8000 0.5000 0.0000
v 5.8000 0.0000 0.0000
v 4.8000 0.5000 0.0000
v 4.8000 0.5000 0.3000
v 5.8000 0.5000 0.3000
v 5.8000 0.5000 0.0000
v 4.8000 0.0000 0.0000
v 5.8000 0.0000 0.0000
v 5.8000 0.0000 0.3000
v 4.8000 0.0000 0.3000
v 4.8000 0.0000 0.0000
v 4.8000 0.0000 0.3000
v 4.8000 0.5000 0.3000
v 4.8000 0.5000 0.0000
v 5.8000 0.0000 0.0000
v 5.8000 0.5000 0.0000
v 5.8000 0.5000 0.3000
v 5.8000 0.0000 0.3000
v 5.8800 0.0000 0.3000
v 6.0000 0.0000 0.3000
v 6.0000 0.5000 0.3000
v 5.8800 0.5000 0.3000
v 5.8800 0.0000 0.0000
v 5.8800 0.5000 0.0000
v 6.0000 0.5000 0.0000
v 6.0000 0.0000 0.0000
v 5.8800 0.5000 0.0000
v 5.8800 0.5000 0.3000
v 6.0000 0.5000 0.3000
v 6.0000 0.5000 0.0000
v 5.8800 0.0000 0.0000
v 6.0000 0.0000 0.0000
v 6.0000 0.0000 0.3000
v 5.8800 0.0000 0.3000
v 5.8800 0.0000 0.0000
v 5.8800 0.0000 0.3000
v 5.8800 0.5000 0.3000
v 5.8800 0.5000 0.0000
v 6.0000 0.0000 0.0000
v 6.0000 0.5000 0.0000
v 6.0000 0.5000 0.3000
v 6.0000 0.0000 0.3000
v -5.5000 0.5000 0.3000
v -4.5000 0.5000 0.3000
v -4.5000 1.0000 0.3000
v -5.5000 1.0000 0.3000
v -5.5000 0.5000 0.0000
v -5.5000 1.0000 0.0000
v -4.5000 1.0000 0.0000
v -4.5000 0.5000 0.0000
v -5.5000 1.0000 0.0000
v -5.5000 1.0000 0.3000
v -4.5000 1.0000 0.3000
v -4.5000 1.0000 0.0000
v -5.5000 0.5000 0.0000
v -4.5000 0.5000 0.0000
v -4.5000 0.5000 0.3000
v -5.5000 0.5000 0.3000
v -5.5000 0.5000 0.0000
v -5.5000 0.5000 0.3000
v -5.5000 1.0000 0.3000
v -5.5000 1.0000 0.0000
v -4.5000 0.5000 0.0000
v -4.5000 1.0000 0.0000
v -4.5000 1.0000 0.3000
v -4.5000 0.5000 0.3000
v -4.4200 0.5000 0.3000
v -3.4200 0.5000 0.3000
v -3.4200 1.0000 0.3000
v -4.4200 1.0000 0.3000
v -4.4200 0.5000 0.0000
v -4.4200 1.0000 0.0000
v -3.4200 1.0000 0.0000
v -3.4200 0.5000 0.0000
v -4.4200 1.0000 0.0000
v -4.4200 1.0000 0.3000
v -3.4200 1.0000 0.3000
v -3.4200 1.0000 0.0000
v -4.4200 0.5000 0.0000
v -3.4200 0.5000 0.0000
v -3.4200 0.5000 0.3000
v -4.4200 0.5000 0.3000
v -4.4200 0.5000 0.0000
v -4.4200 0.5000 0.3000
v -4.4200 1.0000 0.3000
v -4.4200 1.0000 0.0000
v -3.4200 0.5000 0.0000
v -3.4200 1.0000 0.0000
v -3.4200 1.0000 0.3000
v -3.4200 0.5000 0.3000
v -3.3400 0.5000 0.3000
v -2.3400 0.5000 0.3000
v -2.3400 1.0000 0.3000
v -3.3400 1.0000 0.3000
v -3.3400 0.5000 0.0000
v -3.3400 1.0000 0.0000
v -2.3400 1.0000 0.0000
v -2.3400 0.5000 0.0000
v -3.3400 1.0000 0.0000
v -3.3400 1.0000 0.3000
v -2.3400 1.0000 0.3000
v -2.3400 1.0000 0.0000
v -3.3400 0.5000 0.0000
v -2.3400 0.5000 0.0000
v -2.3400 0.5000 0.3000
v -3.3400 0.5000 0.3000
v -3.3400 0.5000 0.0000
v -3.3400 0.5000 0.3000
v -3.3400 1.0000 0.3000
v -3.3400 1.0000 0.0000
v -2.3400 0.5000 0.0000
v -2.3400 1.0000 0.0000
v -2.3400 1.0000 0.3000
v -2.3400 0.5000 0.3000
v -2.2600 0.5000 0.3000
v -1.2600 0.5000 0.3000
v -1.2600 1.0000 0.3000
v -2.2600 1.0000 0.3000
v -2.2600 0.5000 0.0000
v -2.2600 1.0000 0.0000
v -1.2600 1.0000 0.0000
v -1.2600 0.5000 0.0000
v -2.2600 1.0000 0.0000
v -2.2600 1.0000 0.3000
v -1.2600 1.0000 0.3000
v -1.2600 1.0000 0.0000
v -2.2600 0.5000 0.0000
v -1.2600 0.5000 0.0000
v -1.2600 0.5000 0.3000
v -2.2600 0.5000 0.3000
v -2.2600 0.5000 0.0000
v -2.2600 0.5000 0.3000
v -2.2600 1.0000 0.3000
v -2.2600 1.0000 0.0000
v -1.2600 0.5000 0.0000
v -1.2600 1.0000 0.0000
v -1.2600 1.0000 0.3000
v -1.2600 0.5000 0.3000
v -1.1800 0.5000 0.3000
v -0.1800 0.5000 0.3000
v -0.1800 1.0000 0.3000
v -1.1800 1.0000 0.3000
v -1.1800 0.5000 0.0000
v -1.1800 1.0000 0.0000
v -0.1800 1.0000 0.0000
v -0.1800 0.5000 0.0000
v -1.1800 1.0000 0.0000
v -1.1800 1.0000 0.3000
v -0.1800 1.0000 0.3000
v -0.1800 1.0000 0.0000
v -1.1800 0.5000 0.0000
v -0.1800 0.5000 0.0000
v -0.1800 0.5000 0.3000
v -1.1800 0.5000 0.3000
v -1.1800 0.5000 0.0000
v -1.1800 0.5000 0.3000
v -1.1800 1.0000 0.3000
v -1.1800 1.0000 0.0000
v -0.1800 0.5000 0.0000
v -0.1800 1.0000 0.0000
v -0.1800 1.0000 0.3000
v -0.1800 0.5000 0.3000
v -0.1000 0.5000 0.3000
v 0.9000 0.5000 0.3000
v 0.9000 1.0000 0.3000
v -0.1000 1.0000 0.3000
v -0.1000 0.5000 0.0000
v -0.1000 1.0000 0.0000
v 0.9000 1.0000 0.0000
v 0.9000 0.5000 0.0000
v -0.1000 1.0000 0.0000
v -0.1000 1.0000 0.3000
v 0.9000 1.0000 0.3000
v 0.9000 1.0000 0.0000
v -0.1000 0.5000 0.0000
v 0.9000 0.5000 0.0000
v 0.9000 0.5000 0.3000
v -0.1000 0.5000 0.3000
v -0.1000 0.5000 0.0000
v -0.1000 0.5000 0.3000
v -0.1000 1.0000 0.3000
v -0.1000 1.0000 0.0000
v 0.9000 0.5000 0.0000
v 0.9000 1.0000 0.0000
v 0.9000 1.0000 0.3000
v 0.9000 0.5000 0.3000
v 0.9800 0.5000 0.3000
v 1.9800 0.5000 0.3000
v 1.9800 1.0000 0.3000
v 0.9800 1.0000 0.3000
v 0.9800 0.5000 0.0000
v 0.9800 1.0000 0.0000
v 1.9800 1.0000 0.0000
v 1.9800 0.5000 0.0000
v 0.9800 1.0000 0.0000
v 0.9800 1.0000 0.3000
v 1.9800 1.0000 0.3000
v 1.9800 1.0000 0.0000
v 0.9800 0.5000 0.0000
v 1.9800 0.5000 0.0000
v 1.9800 0.5000 0.3000
v 0.9800 0.5000 0.3000
v 0.9800 0.5000 0.0000
v 0.9800 0.5000 0.3000
v 0.9800 1.0000 0.3000
v 0.9800 1.0000 0.0000
v 1.9800 0.5000 0.0000
v 1.9800 1.0000 0.0000
v 1.9800 1.0000 0.3000
v 1.9800 0.5000 0.3000
v 2.0600 0.5000 0.3000
v 3.0600 0.5000 0.3000
v 3.0600 1.0000 0.3000
v 2.0600 1.0000 0.3000
v 2.0600 0.5000 0.0000
v 2.0600 1.0000 0.0000
v 3.0600 1.0000 0.0000
v 3.0600 0.5000 0.0000
v 2.0600 1.0000 0.0000
v 2.0600 1.0000 0.3000
v 3.0600 1.0000 0.3000
v 3.0600 1.0000 0.0000
v 2.0600 0.5000 0.0000
v 3.0600 0.5000 0.0000
v 3.0600 0.5000 0.3000
v 2.0600 0.5000 0.3000
v 2.0600 0.5000 0.0000
v 2.0600 0.5000 0.3000
v 2.0600 1.0000 0.3000
v 2.0600 1.0000 0.0000
v 3.0600 0.5000 0.0000
v 3.0600 1.0000 0.0000
v 3.0600 1.0000 0.3000
v 3.0600 0.5000 0.3000
v 3.1400 0.5000 0.3000
v 4.1400 0.5000 0.3000
v 4.1400 1.0000 0.3000
v 3.1400 1.0000 0.3000
v 3.1400 0.5000 0.0000
v 3.1400 1.0000 0.0000
v 4.1400 1.0000 0.0000
v 4.1400 0.5000 0.0000
v 3.1400 1.0000 0.0000
v 3.1400 1.0000 0.3000
v 4.1400 1.0000 0.3000
v 4.1400 1.0000 0.0000
v 3.1400 0.5000 0.0000
v 4.1400 0.5000 0.0000
v 4.1400 0.5000 0.3000
v 3.1400 0.5000 0.3000
v 3.1400 0.5000 0.0000
v 3.1400 0.5000 0.3000
v 3.1400 1.0000 0.3000
v 3.1400 1.0000 0.0000
v 4.1400 0.5000 0.0000
v 4.1400 1.0000 0.0000
v 4.1400 1.0000 0.3000
v 4.1400 0.5000 0.3000
v 4.2200 0.5000 0.3000
v 5.2200 0.5000 0.3000
v 5.2200 1.0000 0.3000
v 4.2200 1.0000 0.3000
v 4.2200 0.5000 0.0000
v 4.2200 1.0000 0.0000
v 5.2200 1.0000 0.0000
v 5.2200 0.5000 0.0000
v 4.2200 1.0000 0.0000
v 4.2200 1.0000 0.3000
v 5.2200 1.0000 0.3000
v 5.2200 1.0000 0.0000
v 4.2200 0.5000 0.0000
v 5.2200 0.5000 0.0000
v 5.2200 0.5000 0.3000
v 4.2200 0.5000 0.3000
v 4.2200 0.5000 0.0000
v 4.2200 0.5000 0.3000
v 4.2200 1.0000 0.3000
v 4.2200 1.0000 0.0000
v 5.2200 0.5000 0.0000
v 5.2200 1.0000 0.0000
v 5.2200 1.0000 0.3000
v 5.2200 0.5000 0.3000
v 5.3000 0.5000 0.3000
v 6.0000 0.5000 0.3000
v 6.0000 1.0000 0.3000
v 5.3000 1.0000 0.3000
v 5.3000 0.5000 0.0000
v 5.3000 1.0000 0.0000
v 6.0000 1.0000 0.0000
v 6.0000 0.5000 0.0000
v 5.3000 1.0000 0.0000
v 5.3000 1.0000 0.3000
v 6.0000 1.0000 0.3000
v 6.0000 1.0000 0.0000
v 5.3000 0.5000 0.0000
v 6.0000 0.5000 0.0000
v 6.0000 0.5000 0.3000
v 5.3000 0.5000 0.3000
v 5.3000 0.5000 0.0000
v 5.3000 0.5000 0.3000
v 5.3000 1.0000 0.3000
v 5.3000 1.0000 0.0000
v 6.0000 0.5000 0.0000
v 6.0000 1.0000 0.0000
v 6.0000 1.0000 0.3000
v 6.0000 0.5000 0.3000
v -6.0000 1.0000 0.3000
v -5.0000 1.0000 0.3000
v -5.0000 1.5000 0.3000
v -6.0000 1.5000 0.3000
v -6.0000 1.0000 0.0000
v -6.0000 1.5000 0.0000
v -5.0000 1.5000 0.0000
v -5.0000 1.0000 0.0000
v -6.0000 1.5000 0.0000
v -6.0000 1.5000 0.3000
v -5.0000 1.5000 0.3000
v -5.0000 1.5000 0.0000
v -6.0000 1.0000 0.0000
v -5.0000 1.0000 0.0000
v -5.0000 1.0000 0.3000
v -6.0000 1.0000 0.3000
v -6.0000 1.0000 0.0000
v -6.0000 1.0000 0.3000
v -6.0000 1.5000 0.3000
v -6.0000 1.5000 0.0000
v -5.0000 1.0000 0.0000
v -5.0000 1.5000 0.0000
v -5.0000 1.5000 0.3000
v -5.0000 1.0000 0.3000
v -4.9200 1.0000 0.3000
v -3.9200 1.0000 0.3000
v -3.9200 1.5000 0.3000
v -4.9200 1.5000 0.3000
v -4.9200 1.0000 0.0000
v -4.9200 1.5000 0.0000
v -3.9200 1.5000 0.0000
v -3.9200 1.0000 0.0000
v -4.9200 1.5000 0.0000
v -4.9200 1.5000 0.3000
v -3.9200 1.5000 0.3000
v -3.9200 1.5000 0.0000
v -4.9200 1.0000 0.0000
v -3.9200 1.0000 0.0000
v -3.9200 1.0000 0.3000
v -4.9200 1.0000 0.3000
v -4.9200 1.0000 0.0000
v -4.9200 1.0000 0.3000
v -4.9200 1.5000 0.3000
v -4.9200 1.5000 0.0000
v -3.9200 1.0000 0.0000
v -3.9200 1.5000 0.0000
v -3.9200 1.5000 0.3000
v -3.9200 1.0000 0.3000
v -3.8400 1.0000 0.3000
v -2.8400 1.0000 0.3000
v -2.8400 1.5000 0.3000
v -3.8400 1.5000 0.3000
v -3.8400 1.0000 0.0000
v -3.8400 1.5000 0.0000
v -2.8400 1.5000 0.0000
v -2.8400 1.0000 0.0000
v -3.8400 1.5000 0.0000
v -3.8400 1.5000 0.3000
v -2.8400 1.5000 0.3000
v -2.8400 1.5000 0.0000
v -3.8400 1.0000 0.0000
v -2.8400 1.0000 0.0000
v -2.8400 1.0000 0.3000
v -3.8400 1.0000 0.3000
v -3.8400 1.0000 0.0000
v -3.8400 1.0000 0.3000
v -3.8400 1.5000 0.3000
v -3.8400 1.5000 0.0000
v -2.8400 1.0000 0.0000
v -2.8400 1.5000 0.0000
v -2.8400 1.5000 0.3000
v -2.8400 1.0000 0.3000
v -2.7600 1.0000 0.3000
v -1.7600 1.0000 0.3000
v -1.7600 1.5000 0.3000
v -2.7600 1.5000 0.3000
v -2.7600 1.0000 0.0000
v -2.7600 1.5000 0.0000
v -1.7600 1.5000 0.0000
v -1.7600 1.0000 0.0000
v -2.7600 1.5000 0.0000
v -2.7600 1.5000 0.3000
v -1.7600 1.5000 0.3000
v -1.7600 1.5000 0.0000
v -2.7600 1.0000 0.0000
v -1.7600 1.0000 0.0000
v -1.7600 1.0000 0.3000
v -2.7600 1.0000 0.3000
v -2.7600 1.0000 0.0000
v -2.7600 1.0000 0.3000
v -2.7600 1.5000 0.3000
v -2.7600 1.5000 0.0000
v -1.7600 1.0000 0.0000
v -1.7600 1.5000 0.0000
v -1.7600 1.5000 0.3000
v -1.7600 1.0000 0.3000
v -1.6800 1.0000 0.3000
v -0.6800 1.0000 0.3000
v -0.6800 1.5000 0.3000
v -1.6800 1.5000 0.3000
v -1.6800 1.0000 0.0000
v -1.6800 1.5000 0.0000
v -0.6800 1.5000 0.0000
v -0.6800 1.0000 0.0000
v -1.6800 1.5000 0.0000
v -1.6800 1.5000 0.3000
v -0.6800 1.5000 0.3000
v -0.6800 1.5000 0.0000
v -1.6800 1.0000 0.0000
v -0.6800 1.0000 0.0000
v -0.6800 1.0000 0.3000
v -1.6800 1.0000 0.3000
v -1.6800 1.0000 0.0000
v -1.6800 1.0000 0.3000
v -1.6800 1.5000 0.3000
v -1.6800 1.5000 0.0000
v -0.6800 1.0000 0.0000
v -0.6800 1.5000 0.0000
v -0.6800 1.5000 0.3000
v -0.6800 1.0000 0.3000
v -0.6000 1.0000 0.3000
v 0.4000 1.0000 0.3000
v 0.4000 1.5000 0.3000
v -0.6000 1.5000 0.3000
v -0.6000 1.0000 0.0000
v -0.6000 1.5000 0.0000
v 0.4000 1.5000 0.0000
v 0.4000 1.0000 0.0000
v -0.6000 1.5000 0.0000
v -0.6000 1.5000 0.3000
v 0.4000 1.5000 0.3000
v 0.4000 1.5000 0.0000
v -0.6000 1.0000 0.0000
v 0.4000 1.0000 0.0000
v 0.4000 1.0000 0.3000
v -0.6000 1.0000 0.3000
v -0.6000 1.0000 0.0000
v -0.6000 1.0000 0.3000
v -0.6000 1.5000 0.3000
v -0.6000 1.5000 0.0000
v 0.4000 1.0000 0.0000
v 0.4000 1.5000 0.0000
v 0.4000 1.5000 0.3000
v 0.4000 1.0000 0.3000
v 0.4800 1.0000 0.3000
v 1.4800 1.0000 0.3000
v 1.4800 1.5000 0.3000
v 0.4800 1.5000 0.3000
v 0.4800 1.0000 0.0000
v 0.4800 1.5000 0.0000
v 1.4800 1.5000 0.0000
v 1.4800 1.0000 0.0000
v 0.4800 1.5000 0.0000
v 0.4800 1.5000 0.3000
v 1.4800 1.5000 0.3000
v 1.4800 1.5000 0.0000
v 0.4800 1.0000 0.0000
v 1.4800 1.0000 0.0000
v 1.4800 1.0000 0.3000
v 0.4800 1.0000 0.3000
v 0.4800 1.0000 0.0000
v 0.4800 1.0000 0.3000
v 0.4800 1.5000 0.3000
v 0.4800 1.5000 0.0000
v 1.4800 1.0000 0.0000
v 1.4800 1.5000 0.0000
v 1.4800 1.5000 0.3000
v 1.4800 1.0000 0.3000
v 1.5600 1.0000 0.3000
v 2.5600 1.0000 0.3000
v 2.5600 1.5000 0.3000
v 1.5600 1.5000 0.3000
v 1.5600 1.0000 0.0000
v 1.5600 1.5000 0.0000
v 2.5600 1.5000 0.0000
v 2.5600 1.0000 0.0000
v 1.5600 1.5000 0.0000
v 1.5600 1.5000 0.3000
v 2.5600 1.5000 0.3000
v 2.5600 1.5000 0.0000
v 1.5600 1.0000 0.0000
v 2.5600 1.0000 0.0000
v 2.5600 1.0000 0.3000
v 1.5600 1.0000 0.3000
v 1.5600 1.0000 0.0000
v 1.5600 1.0000 0.3000
v 1.5600 1.5000 0.3000
v 1.5600 1.5000 0.0000
v 2.5600 1.0000 0.0000
v 2.5600 1.5000 0.0000
v 2.5600 1.5000 0.3000
v 2.5600 1.0000 0.3000
v 2.6400 1.0000 0.3000
v 3.6400 1.0000 0.3000
v 3.6400 1.5000 0.3000
v 2.6400 1.5000 0.3000
v 2.6400 1.0000 0.0000
v 2.6400 1.5000 0.0000
v 3.6400 1.5000 0.0000
v 3.6400 1.0000 0.0000
v 2.6400 1.5000 0.0000
v 2.6400 1.5000 0.3000
v 3.6400 1.5000 0.3000
v 3.6400 1.5000 0.0000
v 2.6400 1.0000 0.0000
v 3.6400 1.0000 0.0000
v 3.6400 1.0000 0.3000
v 2.6400 1.0000 0.3000
v 2.6400 1.0000 0.0000
v 2.6400 1.0000 0.3000
v 2.6400 1.5000 0.3000
v 2.6400 1.5000 0.0000
v 3.6400 1.0000 0.0000
v 3.6400 1.5000 0.0000
v 3.6400 1.5000 0.3000
v 3.6400 1.0000 0.3000
v 3.7200 1.0000 0.3000
v 4.7200 1.0000 0.3000
v 4.7200 1.5000 0.3000
v 3.7200 1.5000 0.3000
v 3.7200 1.0000 0.0000
v 3.7200 1.5000 0.0000
v 4.7200 1.5000 0.0000
v 4.7200 1.0000 0.0000
v 3.7200 1.5000 0.0000
v 3.7200 1.5000 0.3000
v 4.7200 1.5000 0.3000
v 4.7200 1.5000 0.0000
v 3.7200 1.0000 0.0000
v 4.7200 1.0000 0.0000
v 4.7200 1.0000 0.3000
v 3.7200 1.0000 0.3000
v 3.7200 1.0000 0.0000
v 3.7200 1.0000 0.3000
v 3.7200 1.5000 0.3000
v 3.7200 1.5000 0.0000
v 4.7200 1.0000 0.0000
v 4.7200 1.5000 0.0000
v 4.7200 1.5000 0.3000
v 4.7200 1.0000 0.3000
v 4.8000 1.0000 0.3000
v 5.8000 1.0000 0.3000
v 5.8000 1.5000 0.3000
v 4.8000 1.5000 0.3000
v 4.8000 1.0000 0.0000
v 4.8000 1.5000 0.0000
v 5.8000 1.5000 0.0000
v 5.8000 1.0000 0.0000
v 4.8000 1.5000 0.0000
v 4.8000 1.5000 0.3000
v 5.8000 1.5000 0.3000
v 5.8000 1.5000 0.0000
v 4.8000 1.0000 0.0000
v 5.8000 1.0000 0.0000
v 5.8000 1.0000 0.3000
v 4.8000 1.0000 0.3000
v 4.8000 1.0000 0.0000
v 4.8000 1.0000 0.3000
v 4.8000 1.5000 0.3000
v 4.8000 1.5000 0.0000
v 5.8000 1.0000 0.0000
v 5.8000 1.5000 0.0000
v 5.8000 1.5000 0.3000
v 5.8000 1.0000 0.3000
v 5.8800 1.0000 0.3000
v 6.0000 1.0000 0.3000
v 6.0000 1.5000 0.3000
v 5.8800 1.5000 0.3000
v 5.8800 1.0000 0.0000
v 5.8800 1.5000 0.0000
v 6.0000 1.5000 0.0000
v 6.0000 1.0000 0.0000
v 5.8800 1.5000 0.0000
v 5.8800 1.5000 0.3000
v 6.0000 1.5000 0.3000
v 6.0000 1.5000 0.0000
v 5.8800 1.0000 0.0000
v 6.0000 1.0000 0.0000
v 6.0000 1.0000 0.3000
v 5.8800 1.0000 0.3000
v 5.8800 1.0000 0.0000
v 5.8800 1.0000 0.3000
v 5.8800 1.5000 0.3000
v 5.8800 1.5000 0.0000
v 6.0000 1.0000 0.0000
v 6.0000 1.5000 0.0000
v 6.0000 1.5000 0.3000
v 6.0000 1.0000 0.3000
v -5.5000 1.5000 0.3000
v -4.5000 1.5000 0.3000
v -4.5000 2.0000 0.3000
v -5.5000 2.0000 0.3000
v -5.5000 1.5000 0.0000
v -5.5000 2.0000 0.0000
v -4.5000 2.0000 0.0000
v -4.5000 1.5000 0.0000
v -5.5000 2.0000 0.0000
v -5.5000 2.0000 0.3000
v -4.5000 2.0000 0.3000
v -4.5000 2.0000 0.0000
v -5.5000 1.5000 0.0000
v -4.5000 1.5000 0.0000
v -4.5000 1.5000 0.3000
v -5.5000 1.5000 0.3000
v -5.5000 1.5000 0.0000
v -5.5000 1.5000 0.3000
v -5.5000 2.0000 0.3000
v -5.5000 2.0000 0.0000
v -4.5000 1.5000 0.0000
v -4.5000 2.0000 0.0000
v -4.5000 2.0000 0.3000
v -4.5000 1.5000 0.3000
v -4.4200 1.5000 0.3000
v -3.4200 1.5000 0.3000
v -3.4200 2.0000 0.3000
v -4.4200 2.0000 0.3000
v -4.4200 1.5000 0.0000
v -4.4200 2.0000 0.0000
v -3.4200 2.0000 0.0000
v -3.4200 1.5000 0.0000
v -4.4200 2.0000 0.0000
v -4.4200 2.0000 0.3000
v -3.4200 2.0000 0.3000
v -3.4200 2.0000 0.0000
v -4.4200 1.5000 0.0000
v -3.4200 1.5000 0.0000
v -3.4200 1.5000 0.3000
v -4.4200 1.5000 0.3000
v -4.4200 1.5000 0.0000
v -4.4200 1.5000 0.3000
v -4.4200 2.0000 0.3000
v -4.4200 2.0000 0.0000
v -3.4200 1.5000 0.0000
v -3.4200 2.0000 0.0000
v -3.4200 2.0000 0.3000
v -3.4200 1.5000 0.3000
v -3.3400 1.5000 0.3000
v -2.3400 1.5000 0.3000
v -2.3400 2.0000 0.3000
v -3.3400 2.0000 0.3000
v -3.3400 1.5000 0.0000
v -3.3400 2.0000 0.0000
v -2.3400 2.0000 0.0000
v -2.3400 1.5000 0.0000
v -3.3400 2.0000 0.0000
v -3.3400 2.0000 0.3000
v -2.3400 2.0000 0.3000
v -2.3400 2.0000 0.0000
v -3.3400 1.5000 0.0000
v -2.3400 1.5000 0.0000
v -2.3400 1.5000 0.3000
v -3.3400 1.5000 0.3000
v -3.3400 1.5000 0.0000
v -3.3400 1.5000 0.3000
v -3.3400 2.0000 0.3000
v -3.3400 2.0000 0.0000
v -2.3400 1.5000 0.0000
v -2.3400 2.0000 0.0000
v -2.3400 2.0000 0.3000
v -2.3400 1.5000 0.3000
v -2.2600 1.5000 0.3000
v -1.2600 1.5000 0.3000
v -1.2600 2.0000 0.3000
v -2.2600 2.0000 0.3000
v -2.2600 1.5000 0.0000
v -2.2600 2.0000 0.0000
v -1.2600 2.0000 0.0000
v -1.2600 1.5000 0.0000
v -2.2600 2.0000 0.0000
v -2.2600 2.0000 0.3000
v -1.2600 2.0000 0.3000
v -1.2600 2.0000 0.0000
v -2.2600 1.5000 0.0000
v -1.2600 1.5000 0.0000
v -1.2600 1.5000 0.3000
v -2.2600 1.5000 0.3000
v -2.2600 1.5000 0.0000
v -2.2600 1.5000 0.3000
v -2.2600 2.0000 0.3000
v -2.2600 2.0000 0.0000
v -1.2600 1.5000 0.0000
v -1.2600 2.0000 0.0000
v -1.2600 2.0000 0.3000
v -1.2600 1.5000 0.3000
v -1.1800 1.5000 0.3000
v -0.1800 1.5000 0.3000
v -0.1800 2.0000 0.3000
v -1.1800 2.0000 0.3000
v -1.1800 1.5000 0.0000
v -1.1800 2.0000 0.0000
v -0.1800 2.0000 0.0000
v -0.1800 1.5000 0.0000
v -1.1800 2.0000 0.0000
v -1.1800 2.0000 0.3000
v -0.1800 2.0000 0.3000
v -0.1800 2.0000 0.0000
v -1.1800 1.5000 0.0000
v -0.1800 1.5000 0.0000
v -0.1800 1.5000 0.3000
v -1.1800 1.5000 0.3000
v -1.1800 1.5000 0.0000
v -1.1800 1.5000 0.3000
v -1.1800 2.0000 0.3000
v -1.1800 2.0000 0.0000
v -0.1800 1.5000 0.0000
v -0.1800 2.0000 0.0000
v -0.1800 2.0000 0.3000
v -0.1800 1.5000 0.3000
v -0.1000 1.5000 0.3000
v 0.9000 1.5000 0.3000
v 0.9000 2.0000 0.3000
v -0.1000 2.0000 0.3000
v -0.1000 1.5000 0.0000
v -0.1000 2.0000 0.0000
v 0.9000 2.0000 0.0000
v 0.9000 1.5000 0.0000
v -0.1000 2.0000 0.0000
v -0.1000 2.0000 0.3000
v 0.9000 2.0000 0.3000
v 0.9000 2.0000 0.0000
v -0.1000 1.5000 0.0000
v 0.9000 1.5000 0.0000
v 0.9000 1.5000 0.3000
v -0.1000 1.5000 0.3000
v -0.1000 1.5000 0.0000
v -0.1000 1.5000 0.3000
v -0.1000 2.0000 0.3000
v -0.1000 2.0000 0.0000
v 0.9000 1.5000 0.0000
v 0.9000 2.0000 0.0000
v 0.9000 2.0000 0.3000
v 0.9000 1.5000 0.3000
v 0.9800 1.5000 0.3000
v 1.9800 1.5000 0.3000
v 1.9800 2.0000 0.3000
v 0.9800 2.0000 0.3000
v 0.9800 1.5000 0.0000
v 0.9800 2.0000 0.0000
v 1.9800 2.0000 0.0000
v 1.9800 1.5000 0.0000
v 0.9800 2.0000 0.0000
v 0.9800 2.0000 0.3000
v 1.9800 2.0000 0.3000
v 1.9800 2.0000 0.0000
v 0.9800 1.5000 0.0000
v 1.9800 1.5000 0.0000
v 1.9800 1.5000 0.3000
v 0.9800 1.5000 0.3000
v 0.9800 1.5000 0.0000
v 0.9800 1.5000 0.3000
v 0.9800 2.0000 0.3000
v 0.9800 2.0000 0.0000
v 1.9800 1.5000 0.0000
v 1.9800 2.0000 0.0000
v 1.9800 2.0000 0.3000
v 1.9800 1.5000 0.3000
v 2.0600 1.5000 0.3000
v 3.0600 1.5000 0.3000
v 3.0600 2.0000 0.3000
v 2.0600 2.0000 0.3000
v 2.0600 1.5000 0.0000
v 2.0600 2.0000 0.0000
v 3.0600 2.0000 0.0000
v 3.0600 1.5000 0.0000
v 2.0600 2.0000 0.0000
v 2.0600 2.0000 0.3000
v 3.0600 2.0000 0.3000
v 3.0600 2.0000 0.0000
v 2.0600 1.5000 0.0000
v 3.0600 1.5000 0.0000
v 3.0600 1.5000 0.3000
v 2.0600 1.5000 0.3000
v 2.0600 1.5000 0.0000
v 2.0600 1.5000 0.3000
v 2.0600 2.0000 0.3000
v 2.0600 2.0000 0.0000
v 3.0600 1.5000 0.0000
v 3.0600 2.0000 0.0000
v 3.0600 2.0000 0.3000
v 3.0600 1.5000 0.3000
v 3.1400 1.5000 0.3000
v 4.1400 1.5000 0.3000
v 4.1400 2.0000 0.3000
v 3.1400 2.0000 0.3000
v 3.1400 1.5000 0.0000
v 3.1400 2.0000 0.0000
v 4.1400 2.0000 0.0000
v 4.1400 1.5000 0.0000
v 3.1400 2.0000 0.0000
v 3.1400 2.0000 0.3000
v 4.1400 2.0000 0.3000
v 4.1400 2.0000 0.0000
v 3.1400 1.5000 0.0000
v 4.1400 1.5000 0.0000
v 4.1400 1.5000 0.3000
v 3.1400 1.5000 0.3000
v 3.1400 1.5000 0.0000
v 3.1400 1.5000 0.3000
v 3.1400 2.0000 0.3000
v 3.1400 2.0000 0.0000
v 4.1400 1.5000 0.0000
v 4.1400 2.0000 0.0000
v 4.1400 2.0000 0.3000
v 4.1400 1.5000 0.3000
v 4.2200 1.5000 0.3000
v 5.2200 1.5000 0.3000
v 5.2200 2.0000 0.3000
v 4.2200 2.0000 0.3000
v 4.2200 1.5000 0.0000
v 4.2200 2.0000 0.0000
v 5.2200 2.0000 0.0000
v 5.2200 1.5000 0.0000
v 4.2200 2.0000 0.0000
v 4.2200 2.0000 0.3000
v 5.2200 2.0000 0.3000
v 5.2200 2.0000 0.0000
v 4.2200 1.5000 0.0000
v 5.2200 1.5000 0.0000
v 5.2200 1.5000 0.3000
v 4.2200 1.5000 0.3000
v 4.2200 1.5000 0.0000
v 4.2200 1.5000 0.3000
v 4.2200 2.0000 0.3000
v 4.2200 2.0000 0.0000
v 5.2200 1.5000 0.0000
v 5.2200 2.0000 0.0000
v 5.2200 2.0000 0.3000
v 5.2200 1.5000 0.3000
v 5.3000 1.5000 0.3000
v 6.0000 1.5000 0.3000
v 6.0000 2.0000 0.3000
v 5.3000 2.0000 0.3000
v 5.3000 1.5000 0.0000
v 5.3000 2.0000 0.0000
v 6.0000 2.0000 0.0000
v 6.0000 1.5000 0.0000
v 5.3000 2.0000 0.0000
v 5.3000 2.0000 0.3000
v 6.0000 2.0000 0.3000
v 6.0000 2.0000 0.0000
v 5.3000 1.5000 0.0000
v 6.0000 1.5000 0.0000
v 6.0000 1.5000 0.3000
v 5.3000 1.5000 0.3000
v 5.3000 1.5000 0.0000
v 5.3000 1.5000 0.3000
v 5.3000 2.0000 0.3000
v 5.3000 2.0000 0.0000
v 6.0000 1.5000 0.0000
v 6.0000 2.0000 0.0000
v 6.0000 2.0000 0.3000
v 6.0000 1.5000 0.3000
f 1 2 3 4 color 0.3623 0.6694 0.3106
f 5 6 7 8 color 0.3872 0.3872 0.3872
f 9 10 11 12 color 0.4441 0.4441 0.4441
f 13 14 15 16 color 0.3325 0.6225 0.2850
f 17 18 19 20 color 0.2695 0.5235 0.2310
f 21 22 23 24 color 0.4612 0.4612 0.4612
f 25 26 27 28 color 0.4026 0.4026 0.4026
f 29 30 31 32 color 0.3479 0.6468 0.2982
f 33 34 35 36 color 0.4054 0.4054 0.4054
f 37 38 39 40 color 0.4288 0.4288 0.4288
f 41 42 43 44 color 0.4047 0.4047 0.4047
f 45 46 47 48 color 0.4255 0.4255 0.4255
f 49 50 51 52 color 0.5169 0.5169 0.5169
f 53 54 55 56 color 0.3107 0.5882 0.2663
f 57 58 59 60 color 0.3545 0.6571 0.3039
f 61 62 63 64 color 0.2809 0.5415 0.2408
f 65 66 67 68 color 0.3181 0.5998 0.2726
f 69 70 71 72 color 0.4186 0.4186 0.4186
f 73 74 75 76 color 0.3645 0.6728 0.3124
f 77 78 79 80 color 0.3261 0.6124 0.2795
f 81 82 83 84 color 0.4139 0.4139 0.4139
f 85 86 87 88 color 0.2940 0.5620 0.2520
f 89 90 91 92 color 0.2691 0.5228 0.2306
f 93 94 95 96 color 0.5100 0.5100 0.5100
f 97 98 99 100 color 0.3785 0.3785 0.3785
f 101 102 103 104 color 0.4371 0.4371 0.4371
f 105 106 107 108 color 0.3320 0.6218 0.2846
f 109 110 111 112 color 0.3536 0.6556 0.3031
f 113 114 115 116 color 0.4533 0.4533 0.4533
f 117 118 119 120 color 0.3431 0.6392 0.2941
f 121 122 123 124 color 0.4830 0.4830 0.4830
f 125 126 127 128 color 0.3956 0.3956 0.3956
f 129 130 131 132 color 0.2861 0.5496 0.2452
f 133 134 135 136 color 0.5021 0.5021 0.5021
f 137 138 139 140 color 0.3295 0.6178 0.2824
f 141 142 143 144 color 0.4050 0.4050 0.4050
f 145 146 147 148 color 0.4980 0.4980 0.4980
f 149 150 151 152 color 0.3320 0.6217 0.2846
f 153 154 155 156 color 0.3156 0.5959 0.2705
f 157 158 159 160 color 0.4866 0.4866 0.4866
f 161 162 163 164 color 0.3368 0.6292 0.2886
f 165 166 167 168 color 0.3207 0.6040 0.2749
f 169 170 171 172 color 0.2997 0.5709 0.2569
f 173 174 175 176 color 0.3381 0.6314 0.2898
f 177 178 179 180 color 0.2654 0.5170 0.2275
f 181 182 183 184 color 0.2890 0.5542 0.2478
f 185 186 187 188 color 0.5044 0.5044 0.5044
f 189 190 191 192 color 0.5128 0.5128 0.5128
f 193 194 195 196 color 0.5039 0.5039 0.5039
f 197 198 199 200 color 0.3133 0.5924 0.2686
f 201 202 203 204 color 0.4096 0.4096 0.4096
f 205 206 207 208 color 0.3470 0.6453 0.2975
f 209 210 211 212 color 0.4842 0.4842 0.4842
f 213 214 215 216 color 0.3921 0.3921 0.3921
f 217 218 219 220 color 0.3656 0.6746 0.3134
f 221 222 223 224 color 0.3206 0.6037 0.2748
f 225 226 227 228 color 0.4848 0.4848 0.4848
f 229 230 231 232 color 0.3302 0.6189 0.2830
f 233 234 235 236 color 0.4383 0.4383 0.4383
f 237 238 239 240 color 0.3758 0.3758 0.3758
f 241 242 243 244 color 0.3963 0.3963 0.3963
f 245 246 247 248 color 0.4756 0.4756 0.4756
f 249 250 251 252 color 0.2882 0.5528 0.2470
f 253 254 255 256 color 0.3155 0.5958 0.2705
f 257 258 259 260 color 0.4142 0.4142 0.4142
f 261 262 263 264 color 0.4862 0.4862 0.4862
f 265 266 267 268 color 0.2732 0.5293 0.2342
f 269 270 271 272 color 0.3536 0.6556 0.3031
f 273 274 275 276 color 0.3348 0.6261 0.2869
f 277 278 279 280 color 0.3787 0.3787 0.3787
f 281 282 283 284 color 0.3492 0.6488 0.2994
f 285 286 287 288 color 0.2688 0.5224 0.2304
f 289 290 291 292 color 0.4567 0.4567 0.4567
f 293 294 295 296 color 0.4211 0.4211 0.4211
f 297 298 299 300 color 0.3356 0.6273 0.2876
f 301 302 303 304 color 0.3087 0.5851 0.2646
f 305 306 307 308 color 0.4167 0.4167 0.4167
f 309 310 311 312 color 0.4404 0.4404 0.4404
f 313 314 315 316 color 0.3996 0.3996 0.3996
f 317 318 319 320 color 0.4852 0.4852 0.4852
f 321 322 323 324 color 0.4920 0.4920 0.4920
f 325 326 327 328 color 0.4211 0.4211 0.4211
f 329 330 331 332 color 0.3485 0.6477 0.2987
f 333 334 335 336 color 0.5237 0.5237 0.5237
f 337 338 339 340 color 0.4324 0.4324 0.4324
f 341 342 343 344 color 0.5221 0.5221 0.5221
f 345 346 347 348 color 0.4357 0.4357 0.4357
f 349 350 351 352 color 0.4583 0.4583 0.4583
f 353 354 355 356 color 0.4723 0.4723 0.4723
f 357 358 359 360 color 0.2740 0.5306 0.2349
f 361 362 363 364 color 0.3404 0.6349 0.2918
f 365 366 367 368 color 0.4855 0.4855 0.4855
f 369 370 371 372 color 0.3516 0.6525 0.3014
f 373 374 375 376 color 0.3965 0.3965 0.3965
f 377 378 379 380 color 0.4231 0.4231 0.4231
f 381 382 383 384 color 0.3604 0.6663 0.3089
f 385 386 387 388 color 0.3874 0.3874 0.3874
f 389 390 391 392 color 0.3064 0.5815 0.2626
f 393 394 395 396 color 0.3003 0.5719 0.2574
f 397 398 399 400 color 0.3018 0.5743 0.2587
f 401 402 403 404 color 0.2942 0.5623 0.2522
f 405 406 407 408 color 0.3951 0.3951 0.3951
f 409 410 411 412 color 0.5225 0.5225 0.5225
f 413 414 415 416 color 0.3886 0.3886 0.3886
f 417 418 419 420 color 0.4827 0.4827 0.4827
f 421 422 423 424 color 0.3239 0.6089 0.2776
f 425 426 427 428 color 0.4200 0.4200 0.4200
f 429 430 431 432 color 0.4664 0.4664 0.4664
f 433 434 435 436 color 0.4815 0.4815 0.4815
f 437 438 439 440 color 0.4611 0.4611 0.4611
f 441 442 443 444 color 0.4275 0.4275 0.4275
f 445 446 447 448 color 0.2797 0.5395 0.2397
f 449 450 451 452 color 0.2678 0.5208 0.2295
f 453 454 455 456 color 0.4556 0.4556 0.4556
f 457 458 459 460 color 0.5033 0.5033 0.5033
f 461 462 463 464 color 0.4848 0.4848 0.4848
f 465 466 467 468 color 0.4388 0.4388 0.4388
f 469 470 471 472 color 0.3349 0.6263 0.2871
f 473 474 475 476 color 0.3991 0.3991 0.3991
f 477 478 479 480 color 0.3419 0.6373 0.2931
f 481 482 483 484 color 0.3758 0.3758 0.3758
f 485 486 487 488 color 0.4670 0.4670 0.4670
f 489 490 491 492 color 0.3118 0.5899 0.2672
f 493 494 495 496 color 0.3213 0.6049 0.2754
f 497 498 499 500 color 0.3007 0.5726 0.2578
f 501 502 503 504 color 0.3478 0.6465 0.2981
f 505 506 507 508 color 0.4505 0.4505 0.4505
f 509 510 511 512 color 0.3481 0.6470 0.2983
f 513 514 515 516 color 0.3545 0.6570 0.3038
f 517 518 519 520 color 0.2864 0.5501 0.2455
f 521 522 523 524 color 0.4983 0.4983 0.4983
f 525 526 527 528 color 0.4955 0.4955 0.4955
f 529 530 531 532 color 0.4707 0.4707 0.4707
f 533 534 535 536 color 0.3147 0.5946 0.2698
f 537 538 539 540 color 0.3384 0.6317 0.2900
f 541 542 543 544 color 0.5167 0.5167 0.5167
f 545 546 547 548 color 0.4808 0.4808 0.4808
f 549 550 551 552 color 0.2901 0.5559 0.2487
f 553 554 555 556 color 0.3468 0.6450 0.2973
f 557 558 559 560 color 0.4151 0.4151 0.4151
f 561 562 563 564 color 0.3341 0.6250 0.2864
f 565 566 567 568 color 0.3560 0.6594 0.3051
f 569 570 571 572 color 0.3219 0.6059 0.2759
f 573 574 575 576 color 0.4185 0.4185 0.4185
f 577 578 579 580 color 0.4134 0.4134 0.4134
f 581 582 583 584 color 0.4932 0.4932 0.4932
f 585 586 587 588 color 0.4228 0.4228 0.4228
f 589 590 591 592 color 0.3600 0.6656 0.3085
f 593 594 595 596 color 0.4355 0.4355 0.4355
f 597 598 599 600 color 0.4183 0.4183 0.4183
f 601 602 603 604 color 0.2955 0.5644 0.2533
f 605 606 607 608 color 0.4550 0.4550 0.4550
f 609 610 611 612 color 0.2821 0.5433 0.2418
f 613 614 615 616 color 0.4248 0.4248 0.4248
f 617 618 619 620 color 0.5098 0.5098 0.5098
f 621 622 623 624 color 0.3763 0.3763 0.3763
f 625 626 627 628 color 0.5094 0.5094 0.5094
f 629 630 631 632 color 0.2822 0.5434 0.2419
f 633 634 635 636 color 0.3954 0.3954 0.3954
f 637 638 639 640 color 0.4536 0.4536 0.4536
f 641 642 643 644 color 0.2726 0.5284 0.2337
f 645 646 647 648 color 0.5210 0.5210 0.5210
f 649 650 651 652 color 0.4733 0.4733 0.4733
f 653 654 655 656 color 0.4751 0.4751 0.4751
f 657 658 659 660 color 0.2730 0.5290 0.2340
f 661 662 663 664 color 0.4966 0.4966 0.4966
f 665 666 667 668 color 0.3544 0.6568 0.3037
f 669 670 671 672 color 0.4982 0.4982 0.4982
f 673 674 675 676 color 0.2762 0.5340 0.2367
f 677 678 679 680 color 0.3990 0.3990 0.3990
f 681 682 683 684 color 0.3437 0.6400 0.2946
f 685 686 687 688 color 0.5082 0.5082 0.5082
f 689 690 691 692 color 0.3494 0.6491 0.2995
f 693 694 695 696 color 0.4122 0.4122 0.4122
f 697 698 699 700 color 0.3524 0.6537 0.3020
f 701 702 703 704 color 0.2882 0.5529 0.2471
f 705 706 707 708 color 0.4825 0.4825 0.4825
f 709 710 711 712 color 0.3442 0.6409 0.2950
f 713 714 715 716 color 0.4719 0.4719 0.4719
f 717 718 719 720 color 0.4137 0.4137 0.4137
f 721 722 723 724 color 0.4052 0.4052 0.4052
f 725 726 727 728 color 0.3527 0.6543 0.3024
f 729 730 731 732 color 0.4224 0.4224 0.4224
f 733 734 735 736 color 0.5156 0.5156 0.5156
f 737 738 739 740 color 0.3158 0.5963 0.2707
f 741 742 743 744 color 0.4280 0.4280 0.4280
f 745 746 747 748 color 0.3928 0.3928 0.3928
f 749 750 751 752 color 0.4433 0.4433 0.4433
f 753 754 755 756 color 0.4031 0.4031 0.4031
f 757 758 759 760 color 0.3664 0.6758 0.3141
f 761 762 763 764 color 0.4942 0.4942 0.4942
f 765 766 767 768 color 0.5043 0.5043 0.5043
f 769 770 771 772 color 0.3233 0.6080 0.2771
f 773 774 775 776 color 0.5195 0.5195 0.5195
f 777 778 779 780 color 0.3282 0.6158 0.2813
f 781 782 783 784 color 0.4864 0.4864 0.4864
f 785 786 787 788 color 0.4609 0.4609 0.4609
f 789 790 791 792 color 0.4692 0.4692 0.4692
f 793 794 795 796 color 0.2807 0.5411 0.2406
f 797 798 799 800 color 0.4999 0.4999 0.4999
f 801 802 803 804 color 0.4340 0.4340 0.4340
f 805 806 807 808 color 0.4054 0.4054 0.4054
f 809 810 811 812 color 0.3135 0.5927 0.2687
f 813 814 815 816 color 0.4623 0.4623 0.4623
f 817 818 819 820 color 0.3802 0.3802 0.3802
f 821 822 823 824 color 0.3030 0.5761 0.2597
f 825 826 827 828 color 0.3341 0.6251 0.2864
f 829 830 831 832 color 0.5045 0.5045 0.5045
f 833 834 835 836 color 0.4540 0.4540 0.4540
f 837 838 839 840 color 0.3798 0.3798 0.3798
f 841 842 843 844 color 0.3350 0.6265 0.2872
f 845 846 847 848 color 0.4931 0.4931 0.4931
f 849 850 851 852 color 0.3039 0.5776 0.2605
f 853 854 855 856 color 0.2805 0.5407 0.2404
f 857 858 859 860 color 0.3077 0.5836 0.2638
f 861 862 863 864 color 0.2655 0.5172 0.2276
f 865 866 867 868 color 0.3231 0.6077 0.2770
f 869 870 871 872 color 0.3071 0.5826 0.2632
f 873 874 875 876 color 0.3885 0.3885 0.3885
f 877 878 879 880 color 0.2688 0.5224 0.2304
f 881 882 883 884 color 0.2840 0.5462 0.2434
f 885 886 887 888 color 0.5009 0.5009 0.5009
f 889 890 891 892 color 0.2718 0.5272 0.2330
f 893 894 895 896 color 0.4205 0.4205 0.4205
f 897 898 899 900 color 0.3058 0.5805 0.2621
f 901 902 903 904 color 0.3605 0.6666 0.3090
f 905 906 907 908 color 0.4968 0.4968 0.4968
f 909 910 911 912 color 0.4658 0.4658 0.4658
f 913 914 915 916 color 0.3859 0.3859 0.3859
f 917 918 919 920 color 0.5075 0.5075 0.5075
f 921 922 923 924 color 0.4856 0.4856 0.4856
f 925 926 927 928 color 0.4946 0.4946 0.4946
f 929 930 931 932 color 0.3470 0.6454 0.2975
f 933 934 935 936 color 0.3025 0.5754 0.2593
f 937 938 939 940 color 0.4361 0.4361 0.4361
f 941 942 943 944 color 0.4965 0.4965 0.4965
f 945 946 947 948 color 0.4510 0.4510 0.4510
f 949 950 951 952 color 0.2778 0.5365 0.2381
f 953 954 955 956 color 0.5190 0.5190 0.5190
f 957 958 959 960 color 0.4414 0.4414 0.4414
f 961 962 963 964 color 0.3808 0.3808 0.3808
f 965 966 967 968 color 0.3603 0.6663 0.3089
f 969 970 971 972 color 0.4712 0.4712 0.4712
f 973 974 975 976 color 0.4158 0.4158 0.4158
f 977 978 979 980 color 0.5189 0.5189 0.5189
f 981 982 983 984 color 0.3915 0.3915 0.3915
f 985 986 987 988 color 0.4487 0.4487 0.4487
f 989 990 991 992 color 0.4035 0.4035 0.4035
f 993 994 995 996 color 0.2628 0.5129 0.2252
f 997 998 999 1000 color 0.4238 0.4238 0.4238
f 1001 1002 1003 1004 color 0.4139 0.4139 0.4139
f 1005 1006 1007 1008 color 0.3208 0.6041 0.2750
f 1009 1010 1011 1012 color 0.5164 0.5164 0.5164
f 1013 1014 1015 1016 color 0.2903 0.5562 0.2488
f 1017 1018 1019 1020 color 0.4122 0.4122 0.4122
f 1021 1022 1023 1024 color 0.2960 0.5651 0.2537
f 1025 1026 1027 1028 color 0.4426 0.4426 0.4426
f 1029 1030 1031 1032 color 0.4272 0.4272 0.4272
f 1033 1034 1035 1036 color 0.4243 0.4243 0.4243
f 1037 1038 1039 1040 color 0.3924 0.3924 0.3924
f 1041 1042 1043 1044 color 0.4536 0.4536 0.4536
f 1045 1046 1047 1048 color 0.4212 0.4212 0.4212
f 1049 1050 1051 1052 color 0.4601 0.4601 0.4601
f 1053 1054 1055 1056 color 0.3271 0.6140 0.2804
f 1057 1058 1059 1060 color 0.4450 0.4450 0.4450
f 1061 1062 1063 1064 color 0.3055 0.5801 0.2619
f 1065 1066 1067 1068 color 0.3076 0.5834 0.2637
f 1069 1070 1071 1072 color 0.3934 0.3934 0.3934
f 1073 1074 1075 1076 color 0.2677 0.5207 0.2295
f 1077 1078 1079 1080 color 0.3800 0.3800 0.3800
f 1081 1082 1083 1084 color 0.2735 0.5298 0.2344
f 1085 1086 1087 1088 color 0.4698 0.4698 0.4698
f 1089 1090 1091 1092 color 0.4858 0.4858 0.4858
f 1093 1094 1095 1096 color 0.4923 0.4923 0.4923
f 1097 1098 1099 1100 color 0.4465 0.4465 0.4465
f 1101 1102 1103 1104 color 0.3934 0.3934 0.3934
